-41573	42243.9	0	0	0	0	0	0	0	0	
41573	-90273.7	49579.5	0	0	0	0	0	0	0	
0	48029.9	-99459.5	48075.6	0	0	0	0	0	0	
0	0	49880.1	-112311	62082.1	0	0	0	0	0	
0	0	0	64235.8	-168563	108778	0	0	0	0	
0	0	0	0	106481	-156485	48036.6	0	0	0	
0	0	0	0	0	47707	-121463	71259.5	0	0	
0	0	0	0	0	0	73426.2	-131837	62520.1	0	
0	0	0	0	0	0	0	60577.3	-117087	55334.6	
0	0	0	0	0	0	0	0	54567.2	-55334.6	
-37781	38413.5	0	0	0	0	0	0	0	0	
37781	-82190	45216.9	0	0	0	0	0	0	0	
0	43776.4	-90713.2	43819.3	0	0	0	0	0	0	
0	0	45496.3	-102706	56877	0	0	0	0	0	
0	0	0	58886.8	-155400	100694	0	0	0	0	
0	0	0	0	98523.2	-144175	43784.6	0	0	0	
0	0	0	0	0	43480.6	-111269	65457	0	0	
0	0	0	0	0	0	67484.6	-120928	57284.3	0	
0	0	0	0	0	0	0	55471	-107156	50591.7	
0	0	0	0	0	0	0	0	49871.9	-50591.7	
-34220.8	34815.1	0	0	0	0	0	0	0	0	
34220.8	-74586.3	41106.4	0	0	0	0	0	0	0	
0	39771.2	-82471.7	39811.2	0	0	0	0	0	0	
0	0	41365.3	-93631.6	51950	0	0	0	0	0	
0	0	0	53820.5	-142866	92962.3	0	0	0	0	
0	0	0	0	90916.1	-132463	39780.5	0	0	0	
0	0	0	0	0	39501	-101623	59950	0	0	
0	0	0	0	0	0	61842.4	-110590	52327.8	0	
0	0	0	0	0	0	0	50639.9	-97765.9	46111.3	
0	0	0	0	0	0	0	0	45438.1	-46111.3	
-30887.6	31443.9	0	0	0	0	0	0	0	0	
30887.6	-67453.8	37243.7	0	0	0	0	0	0	0	
0	36009.9	-74726.5	36047.1	0	0	0	0	0	0	
0	0	37482.8	-85080.7	47298	0	0	0	0	0	
0	0	0	49033.7	-130957	85583.2	0	0	0	0	
0	0	0	0	83659.2	-121347	36020.1	0	0	0	
0	0	0	0	0	35763.9	-92517.4	54736.1	0	0	
0	0	0	0	0	0	56497.3	-100817	47647.3	0	
0	0	0	0	0	0	0	46080.7	-88909.4	41890	
0	0	0	0	0	0	0	0	41262.1	-41890	
-27776.1	28294.8	0	0	0	0	0	0	0	0	
27776.1	-60782.6	33624.1	0	0	0	0	0	0	0	
0	32487.8	-67468.5	32522.2	0	0	0	0	0	0	
0	0	33844.3	-77045.1	42917.2	0	0	0	0	0	
0	0	0	44522.9	-119669	78556.6	0	0	0	0	
0	0	0	0	76752.2	-110821	32498.5	0	0	0	
0	0	0	0	0	32264.5	-83945	49812.2	0	0	
0	0	0	0	0	0	51446.5	-91601.9	43239.3	0	
0	0	0	0	0	0	0	41789.7	-80579.1	37923.5	
0	0	0	0	0	0	0	0	37339.8	-37923.5	
-24880.7	25362.5	0	0	0	0	0	0	0	0	
24880.7	-54562.1	30242.6	0	0	0	0	0	0	0	
0	29199.5	-60687.2	29231.2	0	0	0	0	0	0	
0	0	30444.6	-69515.4	38803.4	0	0	0	0	0	
0	0	0	40284.2	-108997	71881.5	0	0	0	0	
0	0	0	0	70194	-100879	29210.6	0	0	0	
0	0	0	0	0	28997.7	-75897.2	45174.7	0	0	
0	0	0	0	0	0	46686.5	-82937.2	39099.4	0	
0	0	0	0	0	0	0	37762.5	-72766	34207.3	
0	0	0	0	0	0	0	0	33666.6	-34207.3	
-22195.3	22641.1	0	0	0	0	0	0	0	0	
22195.3	-48780.6	27093.4	0	0	0	0	0	0	0	
0	26139.5	-54371.6	26168.6	0	0	0	0	0	0	
0	0	27278.1	-62481.4	34951.9	0	0	0	0	0	
0	0	0	36312.8	-98934.6	65556.5	0	0	0	0	
0	0	0	0	63982.7	-91514.2	26150.8	0	0	0	
0	0	0	0	0	25957.7	-68364.2	40819.6	0	0	
0	0	0	0	0	0	42213.4	-74813.8	35223	0	
0	0	0	0	0	0	0	33994.2	-65460.2	30736.3	
0	0	0	0	0	0	0	0	30237.1	-30736.3	
-19713.7	20124.2	0	0	0	0	0	0	0	0	
19713.7	-43425.7	24170.6	0	0	0	0	0	0	0	
0	23301.5	-48509.4	23328.1	0	0	0	0	0	0	
0	0	24338.8	-55931.7	31357.4	0	0	0	0	0	
0	0	0	32603.6	-89473.4	59579.2	0	0	0	0	
0	0	0	0	58116.1	-82717.7	23312.7	0	0	0	
0	0	0	0	0	23138.4	-61335.3	36742.1	0	0	
0	0	0	0	0	0	38022.6	-67221.6	31604.8	0	
0	0	0	0	0	0	0	30479.5	-58650.7	27505	
0	0	0	0	0	0	0	0	27045.9	-27505	
-17428.8	17805.1	0	0	0	0	0	0	0	0	
17428.8	-38484.1	21467.5	0	0	0	0	0	0	0	
0	20679	-43087.6	20703.2	0	0	0	0	0	0	
0	0	21620.1	-49854	28014	0	0	0	0	0	
0	0	0	29150.9	-80604.9	53946.8	0	0	0	0	
0	0	0	0	52590.9	-74480.1	20690	0	0	0	
0	0	0	0	0	20533.3	-54798.9	32936.9	0	0	
0	0	0	0	0	0	34108.9	-60149.3	28239	0	
0	0	0	0	0	0	0	27212.4	-52325.6	24507.1	
0	0	0	0	0	0	0	0	24086.6	-24507.1	
-15333.6	15676.9	0	0	0	0	0	0	0	0	
15333.6	-33941.8	18977.2	0	0	0	0	0	0	0	
0	18264.9	-38092.2	18286.7	0	0	0	0	0	0	
0	0	19115	-44235	24915.4	0	0	0	0	0	
0	0	0	25948.3	-72318.6	48655.4	0	0	0	0	
0	0	0	0	47403.3	-66790.7	18275.6	0	0	0	
0	0	0	0	0	18135.3	-48742.1	29398	0	0	
0	0	0	0	0	0	30466.5	-53584.5	25119.1	0	
0	0	0	0	0	0	0	24186.4	-46471.7	21736.2	
0	0	0	0	0	0	0	0	21352.6	-21736.2	
-13420.4	13732	0	0	0	0	0	0	0	0	
13420.4	-29783.6	16692.3	0	0	0	0	0	0	0	
0	16051.7	-33508.3	16071.3	0	0	0	0	0	0	
0	0	16816	-39060.2	22054.5	0	0	0	0	0	
0	0	0	22988.9	-64603.1	43700.5	0	0	0	0	
0	0	0	0	42548.5	-59637.6	16061.9	0	0	0	
0	0	0	0	0	15937	-43150.9	26119	0	0	
0	0	0	0	0	0	27088.9	-47513.5	22238.3	0	
0	0	0	0	0	0	0	21394.6	-41075	19185	
0	0	0	0	0	0	0	0	18836.7	-19185	
-11681.3	11962.6	0	0	0	0	0	0	0	0	
11681.3	-25994.1	14604.8	0	0	0	0	0	0	0	
0	14031.5	-29320.2	14049.1	0	0	0	0	0	0	
0	0	14715.5	-34314.5	19424	0	0	0	0	0	
0	0	0	20265.4	-57445.2	39076.9	0	0	0	0	
0	0	0	0	38021.2	-53007.5	14041.2	0	0	0	
0	0	0	0	0	13930.6	-38010.4	23092.5	0	0	
0	0	0	0	0	0	23969.1	-41921.8	19588.9	0	
0	0	0	0	0	0	0	18829.3	-36120.3	16846	
0	0	0	0	0	0	0	0	16531.3	-16846	
-10108.1	10360.6	0	0	0	0	0	0	0	0	
10108.1	-22556.8	12706.4	0	0	0	0	0	0	0	
0	12196.2	-25511.4	12211.8	0	0	0	0	0	0	
0	0	12804.9	-29981.4	17015.7	0	0	0	0	0	
0	0	0	17769.6	-50830.7	34778.4	0	0	0	0	
0	0	0	0	33815	-46886.2	12205.3	0	0	0	
0	0	0	0	0	12107.8	-33304.7	20310.9	0	0	
0	0	0	0	0	0	21099.4	-36793.3	17163	0	
0	0	0	0	0	0	0	16482.4	-31591.3	14711.1	
0	0	0	0	0	0	0	0	14428.3	-14711.1	
-8692.41	8917.61	0	0	0	0	0	0	0	0	
8692.41	-19454.6	10988.7	0	0	0	0	0	0	0	
0	10537	-22064.5	10550.8	0	0	0	0	0	0	
0	0	11075.8	-26044	14821.1	0	0	0	0	0	
0	0	0	15493.2	-44743.8	30797.9	0	0	0	0	
0	0	0	0	29922.7	-41258	10545.4	0	0	0	
0	0	0	0	0	10460	-29016.8	17765.7	0	0	
0	0	0	0	0	0	18471.3	-32111.2	14952	0	
0	0	0	0	0	0	0	14345.5	-27471.1	12771.9	
0	0	0	0	0	0	0	0	12519.1	-12771.9	
-7425.4	7624.98	0	0	0	0	0	0	0	0	
7425.4	-16670	9442.5	0	0	0	0	0	0	0	
0	9045.04	-18961.6	9057.13	0	0	0	0	0	0	
0	0	9519.12	-22484.1	12831.2	0	0	0	0	0	
0	0	0	13427	-39167.5	27127.6	0	0	0	0	
0	0	0	0	26336.3	-36106	9052.79	0	0	0	
0	0	0	0	0	8978.42	-25128.9	15448.1	0	0	
0	0	0	0	0	0	16076.1	-27857.5	12946.9	0	
0	0	0	0	0	0	0	12409.4	-23741.6	11019.3	
0	0	0	0	0	0	0	0	10794.6	-11019.3	
-6298.16	6473.81	0	0	0	0	0	0	0	0	
6298.16	-14184.9	8058.61	0	0	0	0	0	0	0	
0	7711.08	-16184.2	7721.6	0	0	0	0	0	0	
0	0	8125.55	-19283	11036.5	0	0	0	0	0	
0	0	0	11561.4	-34083.4	23758.7	0	0	0	0	
0	0	0	0	23046.9	-31412.5	7718.13	0	0	0	
0	0	0	0	0	7653.8	-21622.2	13348.4	0	0	
0	0	0	0	0	0	13904.1	-24013.1	11138.2	0	
0	0	0	0	0	0	0	10664.6	-20383.9	9444.17	
0	0	0	0	0	0	0	0	9245.75	-9444.17	
-5301.62	5455.09	0	0	0	0	0	0	0	0	
5301.62	-11980.8	6827.46	0	0	0	0	0	0	0	
0	6525.66	-13713	6534.76	0	0	0	0	0	0	
0	0	6885.55	-16421.4	9427.03	0	0	0	0	0	
0	0	0	9886.66	-29471.9	20681.5	0	0	0	0	
0	0	0	0	20044.9	-27158.3	6532	0	0	0	
0	0	0	0	0	6476.75	-18477.3	11456.7	0	0	
0	0	0	0	0	0	11945.3	-20558.1	9515.83	0	
0	0	0	0	0	0	0	9101.38	-17378.5	8036.74	
0	0	0	0	0	0	0	0	7862.7	-8036.74	
-4426.63	4559.65	0	0	0	0	0	0	0	0	
4426.63	-10038.8	5739.32	0	0	0	0	0	0	0	
0	5479.15	-11528.7	5486.94	0	0	0	0	0	0	
0	0	5789.37	-13879.2	7992.59	0	0	0	0	0	
0	0	0	8392.25	-25312.1	17885.6	0	0	0	0	
0	0	0	0	17319.5	-23323.3	5484.79	0	0	0	
0	0	0	0	0	5437.7	-15674	9762.39	0	0	
0	0	0	0	0	0	10189.2	-17471.8	8069.6	0	
0	0	0	0	0	0	0	7709.36	-14705.2	6787.12	
0	0	0	0	0	0	0	0	6635.56	-6787.12	
-3663.95	3778.28	0	0	0	0	0	0	0	0	
3663.95	-8340.05	4784.3	0	0	0	0	0	0	0	
0	4561.76	-9611.37	4568.38	0	0	0	0	0	0	
0	0	4827.07	-11635.9	6722.55	0	0	0	0	0	
0	0	0	7067.51	-21581.9	15359.5	0	0	0	0	
0	0	0	0	14859.4	-19886.4	4566.73	0	0	0	
0	0	0	0	0	4526.92	-13191.4	8254.53	0	0	
0	0	0	0	0	0	8624.63	-14732.6	6788.84	0	
0	0	0	0	0	0	0	6478.06	-12343	5685.13	
0	0	0	0	0	0	0	0	5554.18	-5685.13	
-3004.41	3101.79	0	0	0	0	0	0	0	0	
3004.41	-6865.46	3952.41	0	0	0	0	0	0	0	
0	3763.67	-7941.07	3769.24	0	0	0	0	0	0	
0	0	3988.66	-9670.68	5606.05	0	0	0	0	0	
0	0	0	5901.44	-18258.5	13091.3	0	0	0	0	
0	0	0	0	12652.4	-16825.9	3768	0	0	0	
0	0	0	0	0	3734.63	-11008.3	6921.81	0	0	
0	0	0	0	0	0	7240.28	-12318.5	5662.67	0	
0	0	0	0	0	0	0	5396.69	-10270.9	4720.42	
0	0	0	0	0	0	0	0	4608.22	-4720.42	
-2438.89	2521.03	0	0	0	0	0	0	0	0	
2438.89	-5596.08	3233.66	0	0	0	0	0	0	0	
0	3075.05	-6497.77	3079.68	0	0	0	0	0	0	
0	0	3264.1	-7962.52	4632.05	0	0	0	0	0	
0	0	0	4882.84	-15317.7	11067.9	0	0	0	0	
0	0	0	0	10685.7	-14118.9	3078.76	0	0	0	
0	0	0	0	0	3051.06	-9103.11	5752.58	0	0	
0	0	0	0	0	0	6024.35	-10206.9	4680.01	0	
0	0	0	0	0	0	0	4454.33	-8467.3	3882.55	
0	0	0	0	0	0	0	0	3787.29	-3882.55	
-1958.44	2027	0	0	0	0	0	0	0	0	
1958.44	-4513.12	2618.12	0	0	0	0	0	0	0	
0	2486.12	-5261.54	2489.93	0	0	0	0	0	0	
0	0	2643.43	-6490.29	3789.41	0	0	0	0	0	
0	0	0	4000.37	-12735	9275.82	0	0	0	0	
0	0	0	0	8945.6	-11742.3	2489.27	0	0	0	
0	0	0	0	0	2466.5	-7454.1	4734.99	0	0	
0	0	0	0	0	0	4964.82	-8374.94	3829.66	0	
0	0	0	0	0	0	0	3639.95	-6910.6	3161.04	
0	0	0	0	0	0	0	0	3080.94	-3161.04	
-1554.3	1610.88	0	0	0	0	0	0	0	0	
1554.3	-3598.15	2095.95	0	0	0	0	0	0	0	
0	1987.27	-4212.73	1990.37	0	0	0	0	0	0	
0	0	2116.78	-5233	3066.94	0	0	0	0	0	
0	0	0	3242.63	-10485	7700.89	0	0	0	0	
0	0	0	0	7418.06	-9672.29	1989.92	0	0	0	
0	0	0	0	0	1971.41	-6039.44	3857.04	0	0	
0	0	0	0	0	0	4049.52	-6799.56	3100.39	0	
0	0	0	0	0	0	0	2942.52	-5579.2	2545.45	
0	0	0	0	0	0	0	0	2478.81	-2545.45	
-1218	1264.13	0	0	0	0	0	0	0	0	
1218	-2833.24	1657.57	0	0	0	0	0	0	0	
0	1569.11	-3332.07	1571.6	0	0	0	0	0	0	
0	0	1674.5	-4169.87	2453.54	0	0	0	0	0	
0	0	0	2598.27	-8541.96	6328.38	0	0	0	0	
0	0	0	0	6088.42	-7884.81	1571.3	0	0	0	
0	0	0	0	0	1556.42	-4837.48	3106.68	0	0	
0	0	0	0	0	0	3266.18	-5457.77	2481.04	0	
0	0	0	0	0	0	0	2351.09	-4451.72	2025.49	
0	0	0	0	0	0	0	0	1970.68	-2025.49	
-941.427	978.537	0	0	0	0	0	0	0	0	
941.427	-2201.07	1293.63	0	0	0	0	0	0	0	
0	1222.53	-2600.86	1224.5	0	0	0	0	0	0	
0	0	1307.23	-3280.58	1938.24	0	0	0	0	0	
0	0	0	2056.07	-6879.94	5143.2	0	0	0	0	
0	0	0	0	4941.7	-6355.72	1224.31	0	0	0	
0	0	0	0	0	1212.52	-3826.89	2471.91	0	0	
0	0	0	0	0	0	2602.58	-4326.8	1960.59	0	
0	0	0	0	0	0	0	1854.89	-3507.14	1591.07	
0	0	0	0	0	0	0	0	1546.54	-1591.07	
-716.859	746.288	0	0	0	0	0	0	0	0	
716.859	-1685.1	995.178	0	0	0	0	0	0	0	
0	938.808	-2001.13	940.346	0	0	0	0	0	0	
0	0	1005.95	-2545.4	1510.35	0	0	0	0	0	
0	0	0	1605.05	-5472.98	4129.95	0	0	0	0	
0	0	0	0	3962.63	-5060.96	940.235	0	0	0	
0	0	0	0	0	931.008	-2986.85	1940.89	0	0	
0	0	0	0	0	0	2046.61	-3384.3	1528.28	0	
0	0	0	0	0	0	0	1443.41	-2725.01	1232.41	
0	0	0	0	0	0	0	0	1196.73	-1232.41	
-537.045	560.018	0	0	0	0	0	0	0	0	
537.045	-1269.66	753.679	0	0	0	0	0	0	0	
0	709.646	-1515.77	710.826	0	0	0	0	0	0	
0	0	762.09	-1945.38	1159.49	0	0	0	0	0	
0	0	0	1234.55	-4295.35	3273.1	0	0	0	0	
0	0	0	0	3135.85	-3976.77	710.77	0	0	0	
0	0	0	0	0	703.662	-2297.21	1502.07	0	0	
0	0	0	0	0	0	1586.44	-2608.56	1173.68	0	
0	0	0	0	0	0	0	1106.49	-2085.64	940.129	
0	0	0	0	0	0	0	0	911.955	-940.129	
-395.246	412.876	0	0	0	0	0	0	0	0	
395.246	-940.138	561.101	0	0	0	0	0	0	0	
0	527.262	-1128.66	528.151	0	0	0	0	0	0	
0	0	567.561	-1462.5	875.764	0	0	0	0	0	
0	0	0	934.347	-3321.81	2557.14	0	0	0	0	
0	0	0	0	2446.05	-3079.88	528.13	0	0	0	
0	0	0	0	0	522.745	-1738.72	1144.25	0	0	
0	0	0	0	0	0	1210.59	-1978.69	886.821	0	
0	0	0	0	0	0	0	834.444	-1570.23	705.297	
0	0	0	0	0	0	0	0	683.409	-705.297	
-285.282	298.561	0	0	0	0	0	0	0	0	
285.282	-682.995	409.98	0	0	0	0	0	0	0	
0	384.434	-824.833	385.091	0	0	0	0	0	0	
0	0	414.853	-1079.83	649.775	0	0	0	0	0	
0	0	0	694.736	-2527.87	1966.69	0	0	0	0	
0	0	0	0	1878.1	-2347.78	385.092	0	0	0	
0	0	0	0	0	381.085	-1293.13	856.724	0	0	
0	0	0	0	0	0	908.036	-1474.83	658.249	0	
0	0	0	0	0	0	0	618.105	-1161.09	519.546	
0	0	0	0	0	0	0	0	502.84	-519.546	
-201.561	211.358	0	0	0	0	0	0	0	0	
201.561	-485.913	293.464	0	0	0	0	0	0	0	
0	274.555	-590.533	275.03	0	0	0	0	0	0	
0	0	297.069	-781.661	472.758	0	0	0	0	0	
0	0	0	506.631	-1889.99	1486.76	0	0	0	0	
0	0	0	0	1417.24	-1758.88	275.042	0	0	0	
0	0	0	0	0	272.119	-943.411	629.387	0	0	
0	0	0	0	0	0	668.369	-1078.32	479.135	0	
0	0	0	0	0	0	0	448.934	-841.748	375.118	
0	0	0	0	0	0	0	0	362.613	-375.118	
-139.1	146.167	0	0	0	0	0	0	0	0	
139.1	-337.831	205.361	0	0	0	0	0	0	0	
0	191.664	-413.332	191.999	0	0	0	0	0	0	
0	0	207.971	-553.637	336.633	0	0	0	0	0	
0	0	0	361.637	-1385.88	1102.84	0	0	0	0	
0	0	0	0	1049.25	-1292.77	192.016	0	0	0	
0	0	0	0	0	189.931	-673.861	452.812	0	0	
0	0	0	0	0	0	481.845	-771.889	341.335	0	
0	0	0	0	0	0	0	319.077	-597.1	264.924	
0	0	0	0	0	0	0	0	255.764	-264.924	
-93.5343	98.5057	0	0	0	0	0	0	0	0	
93.5343	-228.979	140.161	0	0	0	0	0	0	0	
0	130.474	-282.166	130.704	0	0	0	0	0	0	
0	0	142.005	-382.816	234.066	0	0	0	0	0	
0	0	0	252.111	-994.663	801.101	0	0	0	0	
0	0	0	0	760.597	-930.371	130.722	0	0	0	
0	0	0	0	0	129.27	-470.215	318.341	0	0	
0	0	0	0	0	0	339.494	-539.761	237.456	0	
0	0	0	0	0	0	0	221.42	-413.498	182.594	
0	0	0	0	0	0	0	0	176.041	-182.594	
-61.1111	64.5127	0	0	0	0	0	0	0	0	
61.1111	-150.889	93.0474	0	0	0	0	0	0	0	
0	86.3766	-187.365	86.5307	0	0	0	0	0	0	
0	0	94.3173	-257.744	158.513	0	0	0	0	0	
0	0	0	171.214	-697.135	568.568	0	0	0	0	
0	0	0	0	538.622	-654.13	86.5463	0	0	0	
0	0	0	0	0	85.5619	-319.737	218.15	0	0	
0	0	0	0	0	0	233.191	-367.783	160.898	0	
0	0	0	0	0	0	0	149.633	-278.826	122.493	
0	0	0	0	0	0	0	0	117.929	-122.493	
-38.6701	40.9269	0	0	0	0	0	0	0	0	
38.6701	-96.3643	59.8972	0	0	0	0	0	0	0	
0	55.4375	-120.643	55.5371	0	0	0	0	0	0	
0	0	60.7459	-168.474	104.245	0	0	0	0	0	
0	0	0	112.937	-475.887	393.247	0	0	0	0	
0	0	0	0	371.642	-448.149	55.5498	0	0	0	
0	0	0	0	0	54.9022	-211.256	145.299	0	0	
0	0	0	0	0	0	155.707	-243.48	105.876	0	
0	0	0	0	0	0	0	98.1817	-182.53	79.7418	
0	0	0	0	0	0	0	0	76.654	-79.7418	
-23.6113	25.0578	0	0	0	0	0	0	0	0	
23.6113	-59.4278	37.2543	0	0	0	0	0	0	0	
0	34.3699	-75.0575	34.432	0	0	0	0	0	0	
0	0	37.8031	-106.546	66.3474	0	0	0	0	0	
0	0	0	72.1136	-315.442	264.259	0	0	0	0	
0	0	0	0	249.094	-298.289	34.4416	0	0	0	
0	0	0	0	0	34.0296	-135.178	93.7499	0	0	
0	0	0	0	0	0	100.737	-156.086	67.4288	0	
0	0	0	0	0	0	0	62.3361	-115.606	50.198	
0	0	0	0	0	0	0	0	48.1769	-50.198	
-13.8509	14.743	0	0	0	0	0	0	0	0	
13.8509	-35.2407	22.2951	0	0	0	0	0	0	0	
0	20.4976	-44.9321	20.5348	0	0	0	0	0	0	
0	0	22.637	-64.9331	40.7052	0	0	0	0	0	
0	0	0	44.3984	-202.317	171.934	0	0	0	0	
0	0	0	0	161.612	-192.223	20.5416	0	0	0	
0	0	0	0	0	20.2891	-83.4475	58.3731	0	0	
0	0	0	0	0	0	62.906	-96.5169	41.3976	0	
0	0	0	0	0	0	0	38.1438	-70.556	30.4333	
0	0	0	0	0	0	0	0	29.1584	-30.4333	
-7.76716	8.29389	0	0	0	0	0	0	0	0	
7.76716	-19.9958	12.776	0	0	0	0	0	0	0	
0	11.7019	-25.7564	11.7232	0	0	0	0	0	0	
0	0	12.9804	-37.9588	23.9621	0	0	0	0	0	
0	0	0	26.2357	-125.043	107.867	0	0	0	0	
0	0	0	0	101.081	-119.446	11.7276	0	0	0	
0	0	0	0	0	11.5793	-49.4744	34.917	0	0	
0	0	0	0	0	0	37.7468	-57.3075	24.3883	0	
0	0	0	0	0	0	0	22.3905	-41.3022	17.6854	
0	0	0	0	0	0	0	0	16.914	-17.6854	
-4.13905	4.4351	0	0	0	0	0	0	0	0	
4.13905	-10.7935	6.97044	0	0	0	0	0	0	0	
0	6.3584	-14.0574	6.3699	0	0	0	0	0	0	
0	0	7.08692	-21.1695	13.4614	0	0	0	0	0	
0	0	0	14.7996	-74.1156	64.9426	0	0	0	0	
0	0	0	0	60.6542	-71.2323	6.37268	0	0	0	
0	0	0	0	0	6.28964	-28.0235	19.9596	0	0	
0	0	0	0	0	0	21.6508	-32.4993	13.7122	0	
0	0	0	0	0	0	0	12.5397	-23.0632	9.79628	
0	0	0	0	0	0	0	0	9.35107	-9.79628	
-2.08138	2.23871	0	0	0	0	0	0	0	0	
2.08138	-5.5048	3.59647	0	0	0	0	0	0	0	
0	3.26609	-7.25584	3.27196	0	0	0	0	0	0	
0	0	3.65937	-11.1909	7.17055	0	0	0	0	0	
0	0	0	7.91893	-41.8899	37.3105	0	0	0	0	
0	0	0	0	34.7194	-40.54	3.27357	0	0	0	
0	0	0	0	0	3.22954	-15.0708	10.8354	0	0	
0	0	0	0	0	0	11.7972	-17.4926	7.31077	0	
0	0	0	0	0	0	0	6.65719	-12.2057	5.13842	
0	0	0	0	0	0	0	0	4.89491	-5.13842	
-0.979478	1.05789	0	0	0	0	0	0	0	0	
0.979478	-2.63111	1.74083	0	0	0	0	0	0	0	
0	1.57322	-3.51359	1.57602	0	0	0	0	0	0	
0	0	1.77277	-5.56481	3.59408	0	0	0	0	0	
0	0	0	3.9888	-22.4242	20.3171	0	0	0	0	
0	0	0	0	18.8301	-21.872	1.57688	0	0	0	
0	0	0	0	0	1.55495	-7.63848	5.54491	0	0	
0	0	0	0	0	0	6.0616	-8.86945	3.66803	0	
0	0	0	0	0	0	0	3.32454	-6.07507	2.53227	
0	0	0	0	0	0	0	0	2.40703	-2.53227	
-0.427051	0.463351	0	0	0	0	0	0	0	0	
0.427051	-1.16709	0.782911	0	0	0	0	0	0	0	
0	0.703743	-1.58092	0.704976	0	0	0	0	0	0	
0	0	0.798013	-2.57915	1.6796	0	0	0	0	0	
0	0	0	1.87417	-11.2772	10.4017	0	0	0	0	
0	0	0	0	9.59759	-11.0969	0.705403	0	0	0	
0	0	0	0	0	0.695235	-3.6164	2.65106	0	0	
0	0	0	0	0	0	2.911	-4.19844	1.71605	0	
0	0	0	0	0	0	0	1.54738	-2.81752	1.16147	
0	0	0	0	0	0	0	0	1.10147	-1.16147	
-0.170428	0.185852	0	0	0	0	0	0	0	0	
0.170428	-0.474788	0.323352	0	0	0	0	0	0	0	
0	0.288936	-0.653279	0.289432	0	0	0	0	0	0	
0	0	0.329927	-1.10183	0.723717	0	0	0	0	0	
0	0	0	0.812396	-5.27583	4.95796	0	0	0	0	
0	0	0	0	4.55212	-5.24324	0.289624	0	0	0	
0	0	0	0	0	0.285287	-1.58225	1.17145	0	0	
0	0	0	0	0	0	1.29263	-1.83524	0.740329	0	
0	0	0	0	0	0	0	0.663784	-1.20405	0.490192	
0	0	0	0	0	0	0	0	0.463721	-0.490192	
-0.0613387	0.0672681	0	0	0	0	0	0	0	0	
0.0613387	-0.174595	0.120905	0	0	0	0	0	0	0	
0	0.107327	-0.244408	0.107506	0	0	0	0	0	0	
0	0	0.123503	-0.428016	0.283638	0	0	0	0	0	
0	0	0	0.320511	-2.26864	2.17394	0	0	0	0	
0	0	0	0	1.985	-2.27984	0.107584	0	0	0	
0	0	0	0	0	0.105906	-0.631394	0.472138	0	0	
0	0	0	0	0	0	0.52381	-0.731006	0.290544	0	
0	0	0	0	0	0	0	0.258868	-0.467659	0.187724	
0	0	0	0	0	0	0	0	0.177116	-0.187724	
-0.0195478	0.0215737	0	0	0	0	0	0	0	0	
0.0195478	-0.0570079	0.0402117	0	0	0	0	0	0	0	
0	0.0354343	-0.0813398	0.0354909	0	0	0	0	0	0	
0	0	0.0411282	-0.148672	0.0994222	0	0	0	0	0	
0	0	0	0.113181	-0.883434	0.863974	0	0	0	0	
0	0	0	0	0.784012	-0.898914	0.0355187	0	0	0	
0	0	0	0	0	0.03494	-0.2261	0.170746	0	0	
0	0	0	0	0	0	0.190582	-0.260987	0.101998	0	
0	0	0	0	0	0	0	0.0902414	-0.162319	0.0641169	
0	0	0	0	0	0	0	0	0.0603213	-0.0641169	
-0.00539105	0.00599258	0	0	0	0	0	0	0	0	
0.00539105	-0.016162	0.0116363	0	0	0	0	0	0	0	
0	0.0101694	-0.0235548	0.0101848	0	0	0	0	0	0	
0	0	0.0119185	-0.0452176	0.0305198	0	0	0	0	0	
0	0	0	0.0350328	-0.305811	0.305501	0	0	0	0	
0	0	0	0	0.275291	-0.31552	0.0101933	0	0	0	
0	0	0	0	0	0.0100193	-0.0711983	0.0542864	0	0	
0	0	0	0	0	0	0.0610049	-0.0818172	0.031364	0	
0	0	0	0	0	0	0	0.0275307	-0.0492911	0.0191138	
0	0	0	0	0	0	0	0	0.0179271	-0.0191138	
-0.00124979	0.00140067	0	0	0	0	0	0	0	0	
0.00124979	-0.00386724	0.00284892	0	0	0	0	0	0	0	
0	0.00246657	-0.00577168	0.00247004	0	0	0	0	0	0	
0	0	0.00292276	-0.0117264	0.00798863	0	0	0	0	0	
0	0	0	0.00925632	-0.0919145	0.0938818	0	0	0	0	
0	0	0	0	0.0839259	-0.0963097	0.00247227	0	0	0	
0	0	0	0	0	0.00242784	-0.0192153	0.0147855	0	0	
0	0	0	0	0	0	0.016743	-0.0219414	0.00822548	0	
0	0	0	0	0	0	0	0.00715595	-0.012749	0.00483906	
0	0	0	0	0	0	0	0	0.00452356	-0.00483906	
-0.000234611	0.000265434	0	0	0	0	0	0	0	0	
0.000234611	-0.000753064	0.000569273	0	0	0	0	0	0	0	
0	0.00048763	-0.00115438	0.000488253	0	0	0	0	0	0	
0	0	0.000585109	-0.00250593	0.00172284	0	0	0	0	0	
0	0	0	0.00201768	-0.0232714	0.0243266	0	0	0	0	
0	0	0	0	0.0215485	-0.0248061	0.00048872	0	0	0	
0	0	0	0	0	0.000479439	-0.00430013	0.00333657	0	0	
0	0	0	0	0	0	0.00381141	-0.00486755	0.00177783	0	
0	0	0	0	0	0	0	0.00153098	-0.00271339	0.00100444	
0	0	0	0	0	0	0	0	0.00093556	-0.00100444	
-3.39592e-05	3.88477e-05	0	0	0	0	0	0	0	0	
3.39592e-05	-0.000113786	8.85693e-05	0	0	0	0	0	0	0	
0	7.49378e-05	-0.000179797	7.50214e-05	0	0	0	0	0	0	
0	0	9.1228e-05	-0.000422026	0.000292679	0	0	0	0	0	
0	0	0	0.000347005	-0.0047705	0.00510909	0	0	0	0	
0	0	0	0	0.00447782	-0.00518267	7.50974e-05	0	0	0	
0	0	0	0	0	7.35827e-05	-0.000764192	0.000597226	0	0	
0	0	0	0	0	0	0.000689095	-0.000854928	0.000302784	0	
0	0	0	0	0	0	0	0.000257701	-0.000454231	0.000163242	
0	0	0	0	0	0	0	0	0.000151446	-0.000163242	
-3.55072e-06	4.1153e-06	0	0	0	0	0	0	0	0	
3.55072e-06	-1.25189e-05	1.00759e-05	0	0	0	0	0	0	0	
0	8.4036e-06	-2.04802e-05	8.41131e-06	0	0	0	0	0	0	
0	0	1.04043e-05	-5.27754e-05	3.68881e-05	0	0	0	0	0	
0	0	0	4.43641e-05	-0.00075102	0.000825007	0	0	0	0	
0	0	0	0	0.000714132	-0.000833246	8.42028e-06	0	0	0	
0	0	0	0	0	8.23883e-06	-0.000101804	7.99961e-05	0	0	
0	0	0	0	0	0	9.33839e-05	-0.000112129	3.82735e-05	0	
0	0	0	0	0	0	0	3.21328e-05	-5.6317e-05	1.95342e-05	
0	0	0	0	0	0	0	0	1.80435e-05	-1.95342e-05	
-2.45324e-07	2.88831e-07	0	0	0	0	0	0	0	0	
2.45324e-07	-9.19665e-07	7.69298e-07	0	0	0	0	0	0	0	
0	6.30834e-07	-1.56601e-06	6.31261e-07	0	0	0	0	0	0	
0	0	7.96715e-07	-4.51864e-06	3.17845e-06	0	0	0	0	0	
0	0	0	3.88738e-06	-8.44773e-05	9.53177e-05	0	0	0	0	
0	0	0	0	8.12988e-05	-9.5935e-05	6.31966e-07	0	0	0	
0	0	0	0	0	6.17318e-07	-9.39715e-06	7.40618e-06	0	0	
0	0	0	0	0	0	8.76518e-06	-1.014e-05	3.30914e-06	0	
0	0	0	0	0	0	0	2.73383e-06	-4.76393e-06	1.58271e-06	
0	0	0	0	0	0	0	0	1.45479e-06	-1.58271e-06	
-9.88661e-09	1.18652e-08	0	0	0	0	0	0	0	0	
9.88661e-09	-3.99561e-08	3.49596e-08	0	0	0	0	0	0	0	
0	2.80909e-08	-7.12933e-08	2.81017e-08	0	0	0	0	0	0	
0	0	3.63338e-08	-2.3645e-07	1.66968e-07	0	0	0	0	0	
0	0	0	2.08348e-07	-6.13606e-06	7.12382e-06	0	0	0	0	
0	0	0	0	5.96909e-06	-7.15124e-06	2.81345e-08	0	0	0	
0	0	0	0	0	2.74275e-08	-5.38279e-07	4.24026e-07	0	0	
0	0	0	0	0	0	5.10144e-07	-5.65469e-07	1.74541e-07	0	
0	0	0	0	0	0	0	1.41443e-07	-2.45113e-07	7.72051e-08	
0	0	0	0	0	0	0	0	7.05711e-08	-7.72051e-08	
-1.94057e-10	2.38518e-10	0	0	0	0	0	0	0	0	
1.94057e-10	-8.61624e-10	7.94933e-10	0	0	0	0	0	0	0	
0	6.23105e-10	-1.62469e-09	6.23129e-10	0	0	0	0	0	0	
0	0	8.29758e-10	-6.4174e-09	4.53152e-09	0	0	0	0	0	
0	0	0	5.79427e-09	-2.48625e-07	2.97722e-07	0	0	0	0	
0	0	0	0	2.44094e-07	-2.98329e-07	6.23885e-10	0	0	0	
0	0	0	0	0	6.06725e-10	-1.63138e-08	1.27828e-08	0	0	
0	0	0	0	0	0	1.56899e-08	-1.65508e-08	4.76034e-09	0	
0	0	0	0	0	0	0	3.76805e-09	-6.49811e-09	1.91346e-09	
0	0	0	0	0	0	0	0	1.73777e-09	-1.91346e-09	
-1.41538e-12	1.79334e-12	0	0	0	0	0	0	0	0	
1.41538e-12	-7.09075e-12	6.97072e-12	0	0	0	0	0	0	0	
0	5.29741e-12	-1.42862e-11	5.29543e-12	0	0	0	0	0	0	
0	0	7.3155e-12	-7.06209e-11	4.95622e-11	0	0	0	0	0	
0	0	0	6.53255e-11	-4.51081e-09	5.59158e-09	0	0	0	0	
0	0	0	0	4.46125e-09	-5.59672e-09	5.30214e-12	0	0	0	
0	0	0	0	0	5.14066e-12	-2.05895e-10	1.59397e-10	0	0	
0	0	0	0	0	0	2.00593e-10	-1.99661e-10	5.238e-11	0	
0	0	0	0	0	0	0	4.02644e-11	-6.92115e-11	1.8677e-11	
0	0	0	0	0	0	0	0	1.68315e-11	-1.8677e-11	
-2.50821e-15	3.307e-15	0	0	0	0	0	0	0	0	
2.50821e-15	-1.47403e-14	1.56551e-14	0	0	0	0	0	0	0	
0	1.14333e-14	-3.21986e-14	1.14232e-14	0	0	0	0	0	0	
0	0	1.65434e-14	-2.13976e-13	1.47828e-13	0	0	0	0	0	
0	0	0	2.02553e-13	-2.59458e-11	3.34909e-11	0	0	0	0	
0	0	0	0	2.5798e-11	-3.3502e-11	1.14463e-14	0	0	0	
0	0	0	0	0	1.10548e-14	-7.42508e-13	5.62613e-13	0	0	
0	0	0	0	0	0	7.31062e-13	-6.79168e-13	1.5743e-13	0	
0	0	0	0	0	0	0	1.16555e-13	-2.00377e-13	4.8115e-14	
0	0	0	0	0	0	0	0	4.29466e-14	-4.8115e-14	
-9.85686e-19	1.38032e-18	0	0	0	0	0	0	0	0	
9.85686e-19	-5.24029e-18	5.55971e-18	0	0	0	0	0	0	0	
0	3.85997e-18	-1.13432e-17	3.76034e-18	0	0	0	0	0	0	
0	0	5.78347e-18	-9.89981e-17	6.61001e-17	0	0	0	0	0	
0	0	0	9.52377e-17	-2.72576e-14	3.72223e-14	0	0	0	0	
0	0	0	0	2.71915e-14	-3.72297e-14	7.66131e-18	0	0	0	
0	0	0	0	0	7.37469e-18	-4.25202e-16	3.08043e-16	0	0	
0	0	0	0	0	0	4.17541e-16	-3.58606e-16	7.17205e-17	0	
0	0	0	0	0	0	0	5.05623e-17	-8.90084e-17	1.96058e-17	
0	0	0	0	0	0	0	0	1.72879e-17	-1.96058e-17	
-1.65124e-19	2.50618e-19	0	0	0	0	0	0	0	0	
1.65124e-19	-5.52511e-19	4.60684e-19	0	0	0	0	0	0	0	
0	3.01893e-19	-8.87751e-19	2.59999e-19	0	0	0	0	0	0	
0	0	4.27068e-19	-2.37774e-18	1.41061e-18	0	0	0	0	0	
0	0	0	2.11774e-18	-5.23795e-17	7.58337e-17	0	0	0	0	
0	0	0	0	5.09688e-17	-7.8053e-17	2.31834e-18	0	0	0	
0	0	0	0	0	2.2193e-18	-7.59821e-18	3.73998e-18	0	0	
0	0	0	0	0	0	5.27987e-18	-5.00384e-18	1.87989e-18	0	
0	0	0	0	0	0	0	1.26387e-18	-3.22225e-18	1.546e-18	
0	0	0	0	0	0	0	0	1.34236e-18	-1.546e-18	
-6.12945e-20	1.03965e-19	0	0	0	0	0	0	0	0	
6.12945e-20	-2.33507e-19	2.19936e-19	0	0	0	0	0	0	0	
0	1.29542e-19	-4.24631e-19	1.10008e-19	0	0	0	0	0	0	
0	0	2.04695e-19	-1.11169e-18	6.02945e-19	0	0	0	0	0	
0	0	0	1.00168e-18	-1.84225e-17	2.80814e-17	0	0	0	0	
0	0	0	0	1.78195e-17	-2.92149e-17	1.19631e-18	0	0	0	
0	0	0	0	0	1.13351e-18	-3.64316e-18	1.58994e-18	0	0	
0	0	0	0	0	0	2.44684e-18	-2.12847e-18	8.84848e-19	0	
0	0	0	0	0	0	0	5.38524e-19	-1.62282e-18	8.73662e-19	
0	0	0	0	0	0	0	0	7.37973e-19	-8.73662e-19	
-2.21671e-20	4.55206e-20	0	0	0	0	0	0	0	0	
2.21671e-20	-9.6956e-20	1.05092e-19	0	0	0	0	0	0	0	
0	5.14354e-20	-2.03107e-19	4.23708e-20	0	0	0	0	0	0	
0	0	9.80144e-20	-5.18699e-19	2.40463e-19	0	0	0	0	0	
0	0	0	4.76328e-19	-7.18664e-18	1.28051e-17	0	0	0	0	
0	0	0	0	6.94617e-18	-1.33723e-17	6.0915e-19	0	0	0	
0	0	0	0	0	5.67271e-19	-1.75807e-18	6.43105e-19	0	0	
0	0	0	0	0	0	1.14892e-18	-8.57698e-19	4.19046e-19	0	
0	0	0	0	0	0	0	2.14593e-19	-8.17849e-19	4.94973e-19	
0	0	0	0	0	0	0	0	3.98804e-19	-4.94973e-19	
-7.49592e-21	2.28278e-20	0	0	0	0	0	0	0	0	
7.49592e-21	-4.10984e-20	5.48732e-20	0	0	0	0	0	0	0	
0	1.82706e-20	-1.06197e-19	1.40527e-20	0	0	0	0	0	0	
0	0	5.13237e-20	-2.61176e-19	8.64824e-20	0	0	0	0	0	
0	0	0	2.47124e-19	-2.60081e-18	6.4223e-18	0	0	0	0	
0	0	0	0	2.51432e-18	-6.71108e-18	3.21142e-19	0	0	0	
0	0	0	0	0	2.88787e-19	-9.09995e-19	2.42087e-19	0	0	
0	0	0	0	0	0	5.88853e-19	-3.19602e-19	2.16724e-19	0	
0	0	0	0	0	0	0	7.75152e-20	-4.27032e-19	2.8791e-19	
0	0	0	0	0	0	0	0	2.10308e-19	-2.8791e-19	
-1.62479e-21	1.57083e-20	0	0	0	0	0	0	0	0	
1.62479e-21	-1.9766e-20	3.762e-20	0	0	0	0	0	0	0	
0	4.05763e-21	-7.40938e-20	2.63143e-21	0	0	0	0	0	0	
0	0	3.64739e-20	-1.69695e-19	1.99891e-20	0	0	0	0	0	
0	0	0	1.67064e-19	-6.5026e-19	4.19693e-18	0	0	0	0	
0	0	0	0	6.3027e-19	-4.32764e-18	1.61433e-19	0	0	0	
0	0	0	0	0	1.30708e-19	-5.44211e-19	6.35765e-20	0	0	
0	0	0	0	0	0	3.82777e-19	-8.17975e-20	1.45826e-19	0	
0	0	0	0	0	0	0	1.82211e-20	-2.32699e-19	1.5958e-19	
0	0	0	0	0	0	0	0	8.68729e-20	-1.5958e-19	
-43602.3	41322.1	0	0	0	0	0	0	0	0	
43602.3	-117887	78032.9	0	0	0	0	0	0	0	
0	76564.8	-125752	47539.5	0	0	0	0	0	0	
0	0	47718.6	-123173	74953.6	0	0	0	0	0	
0	0	0	75633.1	-119744	45843.9	0	0	0	0	
0	0	0	0	44790.4	-113291	65599.5	0	0	0	
0	0	0	0	0	67447.3	-116895	48854.8	0	0	
0	0	0	0	0	0	51296	-102655	58194.7	0	
0	0	0	0	0	0	0	53800.2	-113137	52668.9	
0	0	0	0	0	0	0	0	54942.4	-52668.9	
-39665.2	37563.3	0	0	0	0	0	0	0	0	
39665.2	-107990	71806.2	0	0	0	0	0	0	0	
0	70426.4	-115297	43323.6	0	0	0	0	0	0	
0	0	43491	-112874	68915.4	0	0	0	0	0	
0	0	0	69550.3	-109689	41750.2	0	0	0	0	
0	0	0	0	40773.2	-103639	60161.9	0	0	0	
0	0	0	0	0	61888.4	-106975	44542.5	0	0	
0	0	0	0	0	0	46813	-93687.3	53240.5	0	
0	0	0	0	0	0	0	49144.8	-103464	48111.1	
0	0	0	0	0	0	0	0	50223.4	-48111.1	
-35965	34033.2	0	0	0	0	0	0	0	0	
35965	-98625.8	65886	0	0	0	0	0	0	0	
0	64592.6	-105396	39354.3	0	0	0	0	0	0	
0	0	39510.3	-103125	63179.3	0	0	0	0	0	
0	0	0	63771	-100174	37898.6	0	0	0	0	
0	0	0	0	36995.1	-94516.9	55009.6	0	0	0	
0	0	0	0	0	56618.3	-97595.8	40480.6	0	0	
0	0	0	0	0	0	42586.2	-85231.9	48557.9	0	
0	0	0	0	0	0	0	44751.3	-94324.4	43809.5	
0	0	0	0	0	0	0	0	45766.6	-43809.5	
-32496.9	30727	0	0	0	0	0	0	0	0	
32496.9	-89788.3	60270.4	0	0	0	0	0	0	0	
0	59061.3	-96042.7	35627.2	0	0	0	0	0	0	
0	0	35772.2	-93920.2	57743.1	0	0	0	0	0	
0	0	0	58293	-91194.8	34284.5	0	0	0	0	
0	0	0	0	33451.6	-85918.7	50139.5	0	0	0	
0	0	0	0	0	51634.3	-88751.1	36664.8	0	0	
0	0	0	0	0	0	38611.6	-77280.6	44143.1	0	
0	0	0	0	0	0	0	40615.8	-85711.2	39760.4	
0	0	0	0	0	0	0	0	41568.1	-39760.4	
-29255.9	27639.7	0	0	0	0	0	0	0	0	
29255.9	-81469.6	54957	0	0	0	0	0	0	0	
0	53829.9	-87229	32137.6	0	0	0	0	0	0	
0	0	32271.9	-85251.2	52604.2	0	0	0	0	0	
0	0	0	53113.6	-82742.1	30903.1	0	0	0	0	
0	0	0	0	30137.9	-77836	45548.3	0	0	0	
0	0	0	0	0	46932.9	-80432.9	33090.4	0	0	
0	0	0	0	0	0	34884.6	-69824.3	39992.2	0	
0	0	0	0	0	0	0	36733.9	-77616.1	35959.5	
0	0	0	0	0	0	0	0	37624	-35959.5	
-26236.6	24766	0	0	0	0	0	0	0	0	
26236.6	-73661.1	49942.8	0	0	0	0	0	0	0	
0	48895.2	-78947	28880.2	0	0	0	0	0	0	
0	0	29004.2	-77109.8	47759.1	0	0	0	0	0	
0	0	0	48229.6	-74807.7	27749.1	0	0	0	0	
0	0	0	0	27048.6	-70259.6	41232	0	0	0	
0	0	0	0	0	42510.5	-72632.1	29752.2	0	0	
0	0	0	0	0	0	31400.1	-62852.9	36100.5	0	
0	0	0	0	0	0	0	33100.7	-70029.9	32402	
0	0	0	0	0	0	0	0	33929.5	-32402	
-23433	22099.8	0	0	0	0	0	0	0	0	
23433	-66353.3	45224	0	0	0	0	0	0	0	
0	44253.5	-71187.5	25849.3	0	0	0	0	0	0	
0	0	25963.4	-69486.4	43204.1	0	0	0	0	0	
0	0	0	43637.1	-67381.9	24816.8	0	0	0	0	
0	0	0	0	24177.8	-63179.3	37186	0	0	0	
0	0	0	0	0	38362.5	-65338.5	26644.5	0	0	
0	0	0	0	0	0	28152.6	-56355.4	32463	0	
0	0	0	0	0	0	0	29710.9	-62942.5	29082.8	
0	0	0	0	0	0	0	0	30479.5	-29082.8	
-20838.8	19635	0	0	0	0	0	0	0	0	
20838.8	-59535.5	40796.5	0	0	0	0	0	0	0	
0	39900.5	-63940	23038.8	0	0	0	0	0	0	
0	0	23143.4	-62370.5	38934.5	0	0	0	0	0	
0	0	0	39331.6	-60453.9	22099.9	0	0	0	0	
0	0	0	0	21519.4	-56583.9	33405.2	0	0	0	
0	0	0	0	0	34484	-58541.3	23761.2	0	0	
0	0	0	0	0	0	25136	-50319.8	29074	0	
0	0	0	0	0	0	0	26558.5	-56342.4	25996.2	
0	0	0	0	0	0	0	0	27268.5	-25996.2	
-18447.4	17364.9	0	0	0	0	0	0	0	0	
18447.4	-53196	36655.4	0	0	0	0	0	0	0	
0	35831.1	-57193.1	20442.1	0	0	0	0	0	0	
0	0	20537.7	-55750.3	34945.3	0	0	0	0	0	
0	0	0	35308.2	-54011.9	19591.8	0	0	0	0	
0	0	0	0	19066.6	-50461.2	29884	0	0	0	
0	0	0	0	0	30869.5	-52228.1	21095.8	0	0	
0	0	0	0	0	0	22344	-44733.1	25927.4	0	
0	0	0	0	0	0	0	23637.3	-50217.6	23135.8	
0	0	0	0	0	0	0	0	24290.2	-23135.8	
-16251.5	15282.4	0	0	0	0	0	0	0	0	
16251.5	-47322.2	32795.2	0	0	0	0	0	0	0	
0	32039.8	-50934.3	18052.2	0	0	0	0	0	0	
0	0	18139.1	-49613.1	31230.7	0	0	0	0	0	
0	0	0	31560.9	-48043.1	17285.4	0	0	0	0	
0	0	0	0	16812.4	-44798.1	26616.2	0	0	0	
0	0	0	0	0	27512.7	-46385.7	18641.1	0	0	
0	0	0	0	0	0	19769.6	-39581.5	23016.6	0	
0	0	0	0	0	0	0	20940.4	-44554.6	20495	
0	0	0	0	0	0	0	0	21538	-20495	
-14243.6	13380.1	0	0	0	0	0	0	0	0	
14243.6	-41900.3	29209.7	0	0	0	0	0	0	0	
0	28520.2	-45149.9	15861.6	0	0	0	0	0	0	
0	0	15940.2	-43945.2	27784.4	0	0	0	0	0	
0	0	0	28083.6	-42533.7	15173.4	0	0	0	0	
0	0	0	0	14749.3	-39580.2	23594.8	0	0	0	
0	0	0	0	0	24406.9	-41000.1	16389.7	0	0	
0	0	0	0	0	0	17405.3	-34850.2	20334.3	0	
0	0	0	0	0	0	0	18460.5	-39339.1	18066.7	
0	0	0	0	0	0	0	0	19004.8	-18066.7	
-12415.8	11650.3	0	0	0	0	0	0	0	0	
12415.8	-36915.8	25892	0	0	0	0	0	0	0	
0	25265.5	-39825.3	13862.5	0	0	0	0	0	0	
0	0	13933.3	-38731.6	24599.3	0	0	0	0	0	
0	0	0	24869.2	-37468.8	13247.8	0	0	0	0	
0	0	0	0	12869.5	-34792.5	20812.5	0	0	0	
0	0	0	0	0	21544.7	-36055.8	14333.8	0	0	
0	0	0	0	0	0	15243.3	-30523.5	17872.8	0	
0	0	0	0	0	0	0	16189.6	-34555.8	15843.3	
0	0	0	0	0	0	0	0	16682.9	-15843.3	
-10760	10085	0	0	0	0	0	0	0	0	
10760	-32352.9	22834.7	0	0	0	0	0	0	0	
0	22267.9	-34944.7	12046.6	0	0	0	0	0	0	
0	0	12110	-33956.6	21667.7	0	0	0	0	0	
0	0	0	21910	-32832.5	11500.4	0	0	0	0	
0	0	0	0	11164.8	-30418.8	18261.3	0	0	0	
0	0	0	0	0	18918.4	-31536.6	12465.1	0	0	
0	0	0	0	0	0	13275.3	-26584.8	15624	0	
0	0	0	0	0	0	0	14119.7	-30188.4	13816.6	
0	0	0	0	0	0	0	0	14564.3	-13816.6	
-9267.5	8675.7	0	0	0	0	0	0	0	0	
9267.5	-28195.1	20029.5	0	0	0	0	0	0	0	
0	19519.4	-30491.4	10405.3	0	0	0	0	0	0	
0	0	10461.9	-29603.1	18981.4	0	0	0	0	0	
0	0	0	19197.8	-28608.1	9922.83	0	0	0	0	
0	0	0	0	9626.76	-26442.1	15932.8	0	0	0	
0	0	0	0	0	16519.3	-27425.5	10774.9	0	0	
0	0	0	0	0	0	11492.7	-23016.9	13579.2	0	
0	0	0	0	0	0	0	12242	-26219.7	11978.1	
0	0	0	0	0	0	0	0	12640.5	-11978.1	
-7929.65	7413.93	0	0	0	0	0	0	0	0	
7929.65	-24425	17467.8	0	0	0	0	0	0	0	
0	17011.1	-26447.7	8929.83	0	0	0	0	0	0	
0	0	8979.94	-25653.4	16531.4	0	0	0	0	0	
0	0	0	16723.6	-24777.9	8506.09	0	0	0	0	
0	0	0	0	8246.49	-22844.6	13817.8	0	0	0	
0	0	0	0	0	14338.5	-23704.3	9254.21	0	0	
0	0	0	0	0	0	9886.43	-19801.7	11729.3	0	
0	0	0	0	0	0	0	10547.5	-22631.6	10319.1	
0	0	0	0	0	0	0	0	10902.4	-10319.1	
-6737.38	6290.89	0	0	0	0	0	0	0	0	
6737.38	-21024.3	15140	0	0	0	0	0	0	0	
0	14733.4	-22795	7610.9	0	0	0	0	0	0	
0	0	7655.03	-22088.9	14308.3	0	0	0	0	0	
0	0	0	14478	-21323.3	7241.15	0	0	0	0	
0	0	0	0	7015	-19607.5	11906.9	0	0	0	
0	0	0	0	0	12366.4	-20354.1	7893.85	0	0	
0	0	0	0	0	0	8447.15	-16920.5	10064.7	0	
0	0	0	0	0	0	0	9026.66	-19405.4	8830.26	
0	0	0	0	0	0	0	0	9340.71	-8830.26	
-5681.5	5297.63	0	0	0	0	0	0	0	0	
5681.5	-17974	13036.1	0	0	0	0	0	0	0	
0	12676.4	-19513.9	6439.14	0	0	0	0	0	0	
0	0	6477.73	-18889.9	12301.9	0	0	0	0	0	
0	0	0	12450.8	-18224.9	6118.7	0	0	0	0	
0	0	0	0	5923.05	-16711.7	10190.1	0	0	0	
0	0	0	0	0	10593	-17355.4	6684.28	0	0	
0	0	0	0	0	0	7165.25	-14354.2	8575.66	0	
0	0	0	0	0	0	0	7669.88	-16521.5	7502.08	
0	0	0	0	0	0	0	0	7945.85	-7502.08	
-4752.69	4425.12	0	0	0	0	0	0	0	0	
4752.69	-15254.5	11145.6	0	0	0	0	0	0	0	
0	10829.4	-16584.1	5404.96	0	0	0	0	0	0	
0	0	5438.46	-16036.5	10501.7	0	0	0	0	0	
0	0	0	10631.5	-15463	5129.29	0	0	0	0	
0	0	0	0	4961.29	-14137.1	8656.99	0	0	0	
0	0	0	0	0	9007.84	-14687.8	5615.8	0	0	
0	0	0	0	0	0	6030.85	-12082.9	7251.91	0	
0	0	0	0	0	0	0	6467.14	-13959.8	6324.79	
0	0	0	0	0	0	0	0	6707.85	-6324.79	
-3941.55	3664.27	0	0	0	0	0	0	0	0	
3941.55	-12845.5	9457.35	0	0	0	0	0	0	0	
0	9181.28	-13984.9	4498.63	0	0	0	0	0	0	
0	0	4527.5	-13507.6	8896.67	0	0	0	0	0	
0	0	0	9008.98	-13016.9	4263.36	0	0	0	0	
0	0	0	0	4120.25	-11863.5	7296.79	0	0	0	
0	0	0	0	0	7600.1	-12330.7	4678.57	0	0	
0	0	0	0	0	0	5033.95	-10086.8	6083.01	0	
0	0	0	0	0	0	0	5408.24	-11699.5	5288.39	
0	0	0	0	0	0	0	0	5616.53	-5288.39	
-3238.67	3006	0	0	0	0	0	0	0	0	
3238.67	-10726.6	7959.77	0	0	0	0	0	0	0	
0	7720.58	-11694.8	3710.4	0	0	0	0	0	0	
0	0	3735.06	-11282.1	7475.27	0	0	0	0	0	
0	0	0	7571.7	-10865.7	3511.3	0	0	0	0	
0	0	0	0	3390.45	-9869.9	6098.45	0	0	0	
0	0	0	0	0	6358.6	-10262.9	3862.67	0	0	
0	0	0	0	0	0	4164.42	-8345.53	5058.3	0	
0	0	0	0	0	0	0	4482.85	-9719.86	4382.77	
0	0	0	0	0	0	0	0	4661.57	-4382.77	
-2634.73	2441.29	0	0	0	0	0	0	0	0	
2634.73	-8876.66	6640.91	0	0	0	0	0	0	0	
0	6435.36	-9692.28	3030.49	0	0	0	0	0	0	
0	0	3051.37	-9338.28	6225.67	0	0	0	0	0	
0	0	0	6307.78	-8988.1	2863.55	0	0	0	0	
0	0	0	0	2762.43	-8135.48	5050.69	0	0	0	
0	0	0	0	0	5271.93	-8462.77	3158.19	0	0	
0	0	0	0	0	0	3412.09	-6838.77	4167	0	
0	0	0	0	0	0	0	3680.58	-7999.51	3597.73	
0	0	0	0	0	0	0	0	3832.51	-3597.73	
-2120.49	1961.29	0	0	0	0	0	0	0	0	
2120.49	-7274.71	5488.52	0	0	0	0	0	0	0	
0	5313.43	-7955.23	2449.22	0	0	0	0	0	0	
0	0	2466.72	-7654.29	5135.79	0	0	0	0	0	
0	0	0	5205.07	-7362.64	2310.62	0	0	0	0	
0	0	0	0	2226.85	-6639.12	4142.07	0	0	0	
0	0	0	0	0	4328.5	-6908.88	2555.27	0	0	
0	0	0	0	0	0	2766.81	-5546.28	3398.28	0	
0	0	0	0	0	0	0	2991.01	-6517.19	2923.08	
0	0	0	0	0	0	0	0	3118.91	-2923.08	
-1686.91	1557.31	0	0	0	0	0	0	0	0	
1686.91	-5899.66	4490.08	0	0	0	0	0	0	0	
0	4342.34	-6461.62	1957.03	0	0	0	0	0	0	
0	0	1971.54	-6208.25	4193.31	0	0	0	0	0	
0	0	0	4251.22	-5967.86	1843.19	0	0	0	0	
0	0	0	0	1774.55	-5359.8	3361.07	0	0	0	
0	0	0	0	0	3516.62	-5579.64	2044.17	0	0	
0	0	0	0	0	0	2218.57	-4448.01	2741.33	0	
0	0	0	0	0	0	0	2403.84	-5251.69	2348.7	
0	0	0	0	0	0	0	0	2510.36	-2348.7	
-1325.24	1220.98	0	0	0	0	0	0	0	0	
1325.24	-4730.57	3632.96	0	0	0	0	0	0	0	
0	3509.59	-5189.46	1544.6	0	0	0	0	0	0	
0	0	1556.5	-4978.35	3385.87	0	0	0	0	0	
0	0	0	3433.75	-4782.47	1452.18	0	0	0	0	
0	0	0	0	1396.59	-4276.78	2696.21	0	0	0	
0	0	0	0	0	2824.6	-4453.74	1615.39	0	0	
0	0	0	0	0	0	1757.53	-3524.28	2185.45	0	
0	0	0	0	0	0	0	1908.89	-4182.04	1864.63	
0	0	0	0	0	0	0	0	1996.59	-1864.63	
-1027.03	944.221	0	0	0	0	0	0	0	0	
1027.03	-3746.84	2904.49	0	0	0	0	0	0	0	
0	2802.62	-4117.04	1202.92	0	0	0	0	0	0	
0	0	1212.55	-3943.14	2701.08	0	0	0	0	0	
0	0	0	2740.22	-3785.46	1128.83	0	0	0	0	
0	0	0	0	1084.38	-3369.68	2136.12	0	0	0	
0	0	0	0	0	2240.86	-3510.24	1259.7	0	0	
0	0	0	0	0	0	1374.12	-2755.97	1720.15	0	
0	0	0	0	0	0	0	1496.26	-3287.72	1461.15	
0	0	0	0	0	0	0	0	1567.58	-1461.15	
-784.226	719.376	0	0	0	0	0	0	0	0	
784.226	-2928.36	2292.09	0	0	0	0	0	0	0	
0	2208.99	-3223.1	923.321	0	0	0	0	0	0	
0	0	931.017	-3081.61	2126.69	0	0	0	0	0	
0	0	0	2158.29	-2956.38	864.734	0	0	0	0	
0	0	0	0	829.689	-2618.74	1669.65	0	0	0	
0	0	0	0	0	1754.01	-2728.76	968.259	0	0	
0	0	0	0	0	0	1059.11	-2124.63	1335.23	0	
0	0	0	0	0	0	0	1156.37	-2548.8	1128.88	
0	0	0	0	0	0	0	0	1213.57	-1128.88	
-589.251	539.233	0	0	0	0	0	0	0	0	
589.251	-2255.71	1783.36	0	0	0	0	0	0	0	
0	1716.48	-2487.01	697.595	0	0	0	0	0	0	
0	0	703.651	-2373.43	1650.67	0	0	0	0	0	
0	0	0	1675.83	-2275.41	651.961	0	0	0	0	
0	0	0	0	624.742	-2004.93	1285.96	0	0	0	
0	0	0	0	0	1352.97	-2089.67	732.635	0	0	
0	0	0	0	0	0	803.716	-1612.66	1020.87	0	
0	0	0	0	0	0	0	880.028	-1946.11	858.807	
0	0	0	0	0	0	0	0	925.241	-858.807	
-435.028	397.089	0	0	0	0	0	0	0	0	
435.028	-1710.28	1366.24	0	0	0	0	0	0	0	
0	1313.19	-1888.97	518.035	0	0	0	0	0	0	
0	0	522.723	-1799.12	1261.34	0	0	0	0	0	
0	0	0	1281.09	-1723.62	483.068	0	0	0	0	
0	0	0	0	462.275	-1510.13	974.634	0	0	0	
0	0	0	0	0	1027.06	-1574.27	544.916	0	0	
0	0	0	0	0	0	599.635	-1203.48	767.73	0	
0	0	0	0	0	0	0	658.561	-1461.45	642.431	
0	0	0	0	0	0	0	0	693.725	-642.431	
-315.041	286.787	0	0	0	0	0	0	0	0	
315.041	-1274.48	1029.11	0	0	0	0	0	0	0	
0	987.697	-1410.17	377.493	0	0	0	0	0	0	
0	0	381.058	-1340.24	947.504	0	0	0	0	0	
0	0	0	962.749	-1283.08	351.179	0	0	0	0	
0	0	0	0	335.58	-1117.3	725.787	0	0	0	
0	0	0	0	0	766.124	-1164.92	397.751	0	0	
0	0	0	0	0	0	439.134	-881.593	567.006	0	
0	0	0	0	0	0	0	483.842	-1077.72	471.787	
0	0	0	0	0	0	0	0	510.712	-471.787	
-223.374	202.753	0	0	0	0	0	0	0	0	
223.374	-931.874	760.882	0	0	0	0	0	0	0	
0	729.122	-1032.97	269.434	0	0	0	0	0	0	
0	0	272.092	-979.512	698.518	0	0	0	0	0	
0	0	0	710.078	-937.067	250.019	0	0	0	0	
0	0	0	0	238.549	-810.62	530.129	0	0	0	
0	0	0	0	0	560.6	-845.225	284.404	0	0	
0	0	0	0	0	0	315.096	-632.771	410.526	0	
0	0	0	0	0	0	0	348.367	-779.032	339.524	
0	0	0	0	0	0	0	0	368.506	-339.524	
-154.735	140.015	0	0	0	0	0	0	0	0	
154.735	-667.289	551.163	0	0	0	0	0	0	0	
0	527.274	-741.069	187.966	0	0	0	0	0	0	
0	0	189.905	-700.987	504.427	0	0	0	0	0	
0	0	0	513.021	-670.127	173.952	0	0	0	0	
0	0	0	0	165.701	-575.571	379.061	0	0	0	
0	0	0	0	0	401.62	-600.131	198.792	0	0	
0	0	0	0	0	0	221.07	-444.1	290.802	0	
0	0	0	0	0	0	0	245.308	-550.884	238.953	
0	0	0	0	0	0	0	0	260.082	-238.953	
-104.467	94.2155	0	0	0	0	0	0	0	0	
104.467	-466.949	390.319	0	0	0	0	0	0	0	
0	372.733	-519.566	127.866	0	0	0	0	0	0	
0	0	129.248	-490.162	356.044	0	0	0	0	0	
0	0	0	362.296	-468.243	117.991	0	0	0	0	
0	0	0	0	112.199	-399.067	264.745	0	0	0	
0	0	0	0	0	281.075	-416.045	135.511	0	0	
0	0	0	0	0	0	151.3	-304.057	201.078	0	
0	0	0	0	0	0	0	168.546	-380.21	164.081	
0	0	0	0	0	0	0	0	179.132	-164.081	
-68.5485	61.6012	0	0	0	0	0	0	0	0	
68.5485	-318.532	269.57	0	0	0	0	0	0	0	
0	256.931	-355.114	84.5856	0	0	0	0	0	0	
0	0	85.5438	-334.055	245.031	0	0	0	0	0	
0	0	0	249.47	-318.885	77.8119	0	0	0	0	
0	0	0	0	73.8539	-269.493	180.149	0	0	0	
0	0	0	0	0	191.681	-280.889	89.842	0	0	
0	0	0	0	0	0	100.741	-202.537	135.366	0	
0	0	0	0	0	0	0	112.695	-255.45	109.636	
0	0	0	0	0	0	0	0	120.085	-109.636	
-43.5771	39.0102	0	0	0	0	0	0	0	0	
43.5771	-211.221	181.057	0	0	0	0	0	0	0	
0	172.211	-235.945	54.243	0	0	0	0	0	0	
0	0	54.8881	-221.263	163.952	0	0	0	0	0	
0	0	0	167.02	-211.061	49.7333	0	0	0	0	
0	0	0	0	47.1089	-176.738	119.083	0	0	0	
0	0	0	0	0	127.005	-184.14	57.7519	0	0	
0	0	0	0	0	0	65.0565	-130.857	88.4559	0	
0	0	0	0	0	0	0	73.1051	-166.571	71.067	
0	0	0	0	0	0	0	0	78.1149	-71.067	
-26.7399	23.8384	0	0	0	0	0	0	0	0	
26.7399	-135.709	117.879	0	0	0	0	0	0	0	
0	111.87	-151.898	33.5991	0	0	0	0	0	0	
0	0	34.0192	-141.964	106.308	0	0	0	0	0	
0	0	0	108.365	-135.321	30.6953	0	0	0	0	
0	0	0	0	29.0128	-112.183	76.2118	0	0	0	
0	0	0	0	0	81.4873	-116.814	35.8652	0	0	
0	0	0	0	0	0	40.6024	-81.7126	55.9133	0	
0	0	0	0	0	0	0	45.8474	-105.049	44.5314	
0	0	0	0	0	0	0	0	49.1352	-44.5314	
-15.7705	13.9962	0	0	0	0	0	0	0	0	
15.7705	-84.1632	74.114	0	0	0	0	0	0	0	
0	70.167	-94.3958	20.0183	0	0	0	0	0	0	
0	0	20.2818	-87.8973	66.5455	0	0	0	0	0	
0	0	0	67.879	-83.7242	18.2174	0	0	0	0	
0	0	0	0	17.1787	-68.6483	47.0374	0	0	0	
0	0	0	0	0	50.4309	-71.4264	21.4284	0	0	
0	0	0	0	0	0	24.389	-49.1126	34.0508	0	
0	0	0	0	0	0	0	27.6842	-63.8155	26.8638	
0	0	0	0	0	0	0	0	29.7646	-26.8638	
-8.895	7.85584	0	0	0	0	0	0	0	0	
8.895	-50.1607	44.8016	0	0	0	0	0	0	0	
0	42.3049	-56.3761	11.416	0	0	0	0	0	0	
0	0	11.5745	-52.2833	40.0352	0	0	0	0	0	
0	0	0	40.8673	-49.7661	10.3454	0	0	0	0	
0	0	0	0	9.73087	-40.3139	27.8696	0	0	0	
0	0	0	0	0	29.9685	-41.9017	12.2574	0	0	
0	0	0	0	0	0	14.0321	-28.2762	19.885	0	
0	0	0	0	0	0	0	16.0187	-37.1671	15.5272	
0	0	0	0	0	0	0	0	17.2821	-15.5272	
-4.76998	4.19042	0	0	0	0	0	0	0	0	
4.76998	-28.5815	25.9041	0	0	0	0	0	0	0	
0	24.391	-32.1907	6.19572	0	0	0	0	0	0	
0	0	6.28661	-29.7217	23.0287	0	0	0	0	0	
0	0	0	23.5259	-28.2714	5.58906	0	0	0	0	
0	0	0	0	5.24263	-22.5979	15.767	0	0	0	
0	0	0	0	0	17.0088	-23.4563	6.67451	0	0	
0	0	0	0	0	0	7.68925	-15.5067	11.0743	0	
0	0	0	0	0	0	0	8.8322	-20.6388	8.55061	
0	0	0	0	0	0	0	0	9.56449	-8.55061	
-2.41515	2.10944	0	0	0	0	0	0	0	0	
2.41515	-15.4748	14.2387	0	0	0	0	0	0	0	
0	13.3654	-17.4664	3.17839	0	0	0	0	0	0	
0	0	3.22775	-16.0482	12.587	0	0	0	0	0	
0	0	0	12.8698	-15.255	2.8529	0	0	0	0	
0	0	0	0	2.66804	-12.0148	8.46338	0	0	0	
0	0	0	0	0	9.16185	-12.4497	3.43648	0	0	
0	0	0	0	0	0	3.98628	-8.04622	5.84344	0	
0	0	0	0	0	0	0	4.60974	-10.8557	4.4565	
0	0	0	0	0	0	0	0	5.01227	-4.4565	
-1.1451	0.993817	0	0	0	0	0	0	0	0	
1.1451	-7.90358	7.38635	0	0	0	0	0	0	0	
0	6.90976	-8.94031	1.52878	0	0	0	0	0	0	
0	0	1.55396	-8.17019	6.48937	0	0	0	0	0	
0	0	0	6.64141	-7.76148	1.36473	0	0	0	0	
0	0	0	0	1.27211	-6.01332	4.27786	0	0	0	
0	0	0	0	0	4.6486	-6.21745	1.65952	0	0	
0	0	0	0	0	0	1.93959	-3.91908	2.89874	0	
0	0	0	0	0	0	0	2.25955	-5.36651	2.18092	
0	0	0	0	0	0	0	0	2.46778	-2.18092	
-0.503386	0.433844	0	0	0	0	0	0	0	0	
0.503386	-3.77467	3.58467	0	0	0	0	0	0	0	
0	3.34082	-4.27941	0.682774	0	0	0	0	0	0	
0	0	0.694735	-3.88744	3.12807	0	0	0	0	0	
0	0	0	3.20466	-3.69077	0.60585	0	0	0	0	
0	0	0	0	0.562694	-2.80759	2.01768	0	0	0	
0	0	0	0	0	2.20174	-2.895	0.744439	0	0	
0	0	0	0	0	0	0.877318	-1.7748	1.33933	0	
0	0	0	0	0	0	0	1.03037	-2.47013	0.992667	
0	0	0	0	0	0	0	0	1.1308	-0.992667	
-0.202724	0.173376	0	0	0	0	0	0	0	0	
0.202724	-1.66798	1.61036	0	0	0	0	0	0	0	
0	1.4946	-1.89542	0.279828	0	0	0	0	0	0	
0	0	0.285054	-1.71036	1.39476	0	0	0	0	0	
0	0	0	1.43053	-1.62293	0.246655	0	0	0	0	
0	0	0	0	0.228171	-1.20951	0.878299	0	0	0	
0	0	0	0	0	0.962854	-1.24294	0.306594	0	0	
0	0	0	0	0	0	0.364645	-0.738707	0.569905	0	
0	0	0	0	0	0	0	0.432113	-1.04668	0.415412	
0	0	0	0	0	0	0	0	0.476778	-0.415412	
-0.0737009	0.0624948	0	0	0	0	0	0	0	0	
0.0737009	-0.673179	0.661029	0	0	0	0	0	0	0	
0	0.610684	-0.766836	0.103737	0	0	0	0	0	0	
0	0	0.105808	-0.686819	0.567785	0	0	0	0	0	
0	0	0	0.583082	-0.651375	0.0907652	0	0	0	0	
0	0	0	0	0.0835907	-0.474377	0.348138	0	0	0	
0	0	0	0	0	0.383612	-0.485445	0.114279	0	0	
0	0	0	0	0	0	0.137307	-0.278619	0.220269	0	
0	0	0	0	0	0	0	0.16434	-0.402673	0.157595	
0	0	0	0	0	0	0	0	0.182404	-0.157595	
-0.0237529	0.0199503	0	0	0	0	0	0	0	0	
0.0237529	-0.2442	0.243993	0	0	0	0	0	0	0	
0	0.224249	-0.278897	0.0341719	0	0	0	0	0	0	
0	0	0.0349035	-0.247705	0.207639	0	0	0	0	0	
0	0	0	0.213533	-0.234812	0.0296528	0	0	0	0	
0	0	0	0	0.0271735	-0.166606	0.123581	0	0	0	
0	0	0	0	0	0.136953	-0.169608	0.0378747	0	0	
0	0	0	0	0	0	0.046027	-0.0935793	0.0760198	0	
0	0	0	0	0	0	0	0.0557047	-0.138257	0.0532634	
0	0	0	0	0	0	0	0	0.0622372	-0.0532634	
-0.0066339	0.00551276	0	0	0	0	0	0	0	0	
0.0066339	-0.0780423	0.0793758	0	0	0	0	0	0	0	
0	0.0725296	-0.0893832	0.00978205	0	0	0	0	0	0	
0	0	0.0100075	-0.0786357	0.0668475	0	0	0	0	0	
0	0	0	0.0688536	-0.0745112	0.0084099	0	0	0	0	
0	0	0	0	0.00766373	-0.0513252	0.0384777	0	0	0	
0	0	0	0	0	0.0429153	-0.0519149	0.0109168	0	0	
0	0	0	0	0	0	0.0134372	-0.0273839	0.0229323	0	
0	0	0	0	0	0	0	0.0164671	-0.0414672	0.0156917	
0	0	0	0	0	0	0	0	0.0185349	-0.0156917	
-0.00156001	0.00128087	0	0	0	0	0	0	0	0	
0.00156001	-0.0214216	0.0221878	0	0	0	0	0	0	0	
0	0.0201407	-0.0246124	0.00236571	0	0	0	0	0	0	
0	0	0.00242462	-0.02142	0.0184661	0	0	0	0	0	
0	0	0	0.0190543	-0.0202885	0.00201256	0	0	0	0	
0	0	0	0	0.0018224	-0.0135103	0.0102345	0	0	0	
0	0	0	0	0	0.0114978	-0.0135574	0.00266082	0	0	
0	0	0	0	0	0	0.0033229	-0.00679105	0.00588521	0	
0	0	0	0	0	0	0	0.00413023	-0.0105731	0.00391985	
0	0	0	0	0	0	0	0	0.00468788	-0.00391985	
-0.000297649	0.000241076	0	0	0	0	0	0	0	0	
0.000297649	-0.00488768	0.00515766	0	0	0	0	0	0	0	
0	0.0046466	-0.00563638	0.000466122	0	0	0	0	0	0	
0	0	0.000478719	-0.00484489	0.00423497	0	0	0	0	0	
0	0	0	0.00437877	-0.00458718	0.000391799	0	0	0	0	
0	0	0	0	0.000352215	-0.00293814	0.00224793	0	0	0	
0	0	0	0	0	0.00254635	-0.00291953	0.000528974	0	0	
0	0	0	0	0	0	0.000671606	-0.00137735	0.00124093	0	
0	0	0	0	0	0	0	0.000848381	-0.00221307	0.000801294	
0	0	0	0	0	0	0	0	0.00097214	-0.000801294	
-4.38986e-05	3.5004e-05	0	0	0	0	0	0	0	0	
4.38986e-05	-0.000888144	0.000955268	0	0	0	0	0	0	0	
0	0.00085314	-0.00102872	7.13536e-05	0	0	0	0	0	0	
0	0	7.34573e-05	-0.000871701	0.000772249	0	0	0	0	0	
0	0	0	0.000800347	-0.00082498	5.91502e-05	0	0	0	0	
0	0	0	0	5.2731e-05	-0.000505152	0.000390009	0	0	0	
0	0	0	0	0	0.000446002	-0.000495883	8.18153e-05	0	0	
0	0	0	0	0	0	0.000105874	-0.000218071	0.000205408	0	
0	0	0	0	0	0	0	0.000136256	-0.00036326	0.00012795	
0	0	0	0	0	0	0	0	0.000157852	-0.00012795	
-4.69118e-06	3.67381e-06	0	0	0	0	0	0	0	0	
4.69118e-06	-0.000121383	0.000133149	0	0	0	0	0	0	0	
0	0.000117709	-0.000141372	7.96512e-06	0	0	0	0	0	0	
0	0	8.22286e-06	-0.000117812	0.000105701	0	0	0	0	0	
0	0	0	0.000109847	-0.000111437	6.49699e-06	0	0	0	0	
0	0	0	0	5.73561e-06	-6.47443e-05	5.03745e-05	0	0	0	
0	0	0	0	0	5.82473e-05	-6.26051e-05	9.24375e-06	0	0	
0	0	0	0	0	0	1.22306e-05	-2.53294e-05	2.5117e-05	0	
0	0	0	0	0	0	0	1.60856e-05	-4.39912e-05	1.49994e-05	
0	0	0	0	0	0	0	0	1.88742e-05	-1.49994e-05	
-3.32569e-07	2.55017e-07	0	0	0	0	0	0	0	0	
3.32569e-07	-1.154e-05	1.292e-05	0	0	0	0	0	0	0	
0	1.1285e-05	-1.3536e-05	5.94679e-07	0	0	0	0	0	0	
0	0	6.15949e-07	-1.1061e-05	1.00388e-05	0	0	0	0	0	
0	0	0	1.04663e-05	-1.04541e-05	4.75899e-07	0	0	0	0	
0	0	0	0	4.15307e-07	-5.70959e-06	4.46766e-06	0	0	0	
0	0	0	0	0	5.23369e-06	-5.41852e-06	7.00056e-07	0	0	
0	0	0	0	0	0	9.50861e-07	-1.98305e-06	2.08823e-06	0	
0	0	0	0	0	0	0	1.28299e-06	-3.61643e-06	1.18611e-06	
0	0	0	0	0	0	0	0	1.5282e-06	-1.18611e-06	
-1.38221e-08	1.03378e-08	0	0	0	0	0	0	0	0	
1.38221e-08	-6.84039e-07	7.82561e-07	0	0	0	0	0	0	0	
0	6.73701e-07	-8.09918e-07	2.63083e-08	0	0	0	0	0	0	
0	0	2.73572e-08	-6.46519e-07	5.92578e-07	0	0	0	0	0	
0	0	0	6.20211e-07	-6.10289e-07	2.05776e-08	0	0	0	0	
0	0	0	0	1.77105e-08	-3.09651e-07	2.42942e-07	0	0	0	
0	0	0	0	0	2.89074e-07	-2.87099e-07	3.15049e-08	0	0	
0	0	0	0	0	0	4.41576e-08	-9.29418e-08	1.05096e-07	0	
0	0	0	0	0	0	0	6.14369e-08	-1.79603e-07	5.61963e-08	
0	0	0	0	0	0	0	0	7.4507e-08	-5.61963e-08	
-2.81703e-10	2.04454e-10	0	0	0	0	0	0	0	0	
2.81703e-10	-2.15778e-08	2.52708e-08	0	0	0	0	0	0	0	
0	2.13734e-08	-2.58757e-08	5.78918e-10	0	0	0	0	0	0	
0	0	6.04912e-10	-2.00779e-08	1.85424e-08	0	0	0	0	0	
0	0	0	1.9499e-08	-1.8915e-08	4.40349e-10	0	0	0	0	
0	0	0	0	3.72632e-10	-8.78038e-09	6.87693e-09	0	0	0	
0	0	0	0	0	8.34004e-09	-7.90794e-09	7.0792e-10	0	0	
0	0	0	0	0	0	1.03102e-09	-2.19705e-09	2.70685e-09	0	
0	0	0	0	0	0	0	1.48913e-09	-4.55285e-09	1.34401e-09	
0	0	0	0	0	0	0	0	1.846e-09	-1.34401e-09	
-2.15341e-12	1.50614e-12	0	0	0	0	0	0	0	0	
2.15341e-12	-2.8557e-10	3.43393e-10	0	0	0	0	0	0	0	
0	2.84063e-10	-3.48516e-10	4.87289e-12	0	0	0	0	0	0	
0	0	5.12245e-12	-2.6111e-10	2.42232e-10	0	0	0	0	0	
0	0	0	2.56237e-10	-2.45197e-10	3.57962e-12	0	0	0	0	
0	0	0	0	2.96571e-12	-1.02019e-10	7.92649e-11	0	0	0	
0	0	0	0	0	9.84391e-11	-8.86096e-11	6.11639e-12	0	0	
0	0	0	0	0	0	9.3447e-12	-2.02577e-11	2.77304e-11	0	
0	0	0	0	0	0	0	1.41413e-11	-4.57476e-11	1.25468e-11	
0	0	0	0	0	0	0	0	1.80172e-11	-1.25468e-11	
-4.05206e-15	2.70435e-15	0	0	0	0	0	0	0	0	
4.05206e-15	-1.09094e-12	1.35362e-12	0	0	0	0	0	0	0	
0	1.08823e-12	-1.36462e-12	1.03891e-14	0	0	0	0	0	0	
0	0	1.10059e-14	-9.77983e-13	9.07795e-13	0	0	0	0	0	
0	0	0	9.67594e-13	-9.13677e-13	7.29499e-15	0	0	0	0	
0	0	0	0	5.88163e-15	-3.31046e-13	2.52864e-13	0	0	0	
0	0	0	0	0	3.23751e-13	-2.74759e-13	1.3477e-14	0	0	
0	0	0	0	0	0	2.18955e-14	-4.86531e-14	7.60357e-14	0	
0	0	0	0	0	0	0	3.51761e-14	-1.22464e-13	3.05239e-14	
0	0	0	0	0	0	0	0	4.64284e-14	-3.05239e-14	
-1.2637e-18	8.01469e-19	0	0	0	0	0	0	0	0	
1.2637e-18	-6.61601e-16	8.53974e-16	0	0	0	0	0	0	0	
0	6.60799e-16	-8.59953e-16	5.57717e-18	0	0	0	0	0	0	
0	0	5.97925e-18	-6.17948e-16	5.68962e-16	0	0	0	0	0	
0	0	0	6.1237e-16	-5.71045e-16	2.67239e-18	0	0	0	0	
0	0	0	0	2.08307e-18	-1.66778e-16	1.23147e-16	0	0	0	
0	0	0	0	0	1.64106e-16	-1.30861e-16	4.39155e-18	0	0	
0	0	0	0	0	0	7.7135e-18	-1.68833e-17	3.06268e-17	0	
0	0	0	0	0	0	0	1.24917e-17	-4.95011e-17	1.15071e-17	
0	0	0	0	0	0	0	0	1.88743e-17	-1.15071e-17	
-1.64631e-19	9.94582e-20	0	0	0	0	0	0	0	0	
1.64631e-19	-6.37948e-18	8.55309e-18	0	0	0	0	0	0	0	
0	6.28002e-18	-9.92832e-18	1.26252e-18	0	0	0	0	0	0	
0	0	1.37522e-18	-2.20604e-17	1.91396e-17	0	0	0	0	0	
0	0	0	2.07979e-17	-1.94221e-17	3.77848e-19	0	0	0	0	
0	0	0	0	2.82462e-19	-3.70237e-18	2.39607e-18	0	0	0	
0	0	0	0	0	3.32452e-18	-2.8397e-18	2.34408e-19	0	0	
0	0	0	0	0	0	4.43635e-19	-5.34879e-19	8.05493e-19	0	
0	0	0	0	0	0	0	3.00471e-19	-1.72109e-18	5.11771e-19	
0	0	0	0	0	0	0	0	9.15598e-19	-5.11771e-19	
-8.34614e-20	4.46303e-20	0	0	0	0	0	0	0	0	
8.34614e-20	-2.69885e-18	3.90666e-18	0	0	0	0	0	0	0	
0	2.65422e-18	-4.56742e-18	5.93691e-19	0	0	0	0	0	0	
0	0	6.60761e-19	-1.01947e-17	8.6524e-18	0	0	0	0	0	
0	0	0	9.60097e-18	-8.77907e-18	1.82339e-19	0	0	0	0	
0	0	0	0	1.26664e-19	-1.73455e-18	1.03042e-18	0	0	0	
0	0	0	0	0	1.55222e-18	-1.24164e-18	9.51279e-20	0	0	
0	0	0	0	0	0	2.11221e-19	-2.08725e-19	3.88087e-19	0	
0	0	0	0	0	0	0	1.13597e-19	-7.62594e-19	1.80359e-19	
0	0	0	0	0	0	0	0	3.74508e-19	-1.80359e-19	
-4.22856e-20	1.82553e-20	0	0	0	0	0	0	0	0	
4.22856e-20	-1.09929e-18	1.81876e-18	0	0	0	0	0	0	0	
0	1.08104e-18	-2.13609e-18	2.74984e-19	0	0	0	0	0	0	
0	0	3.17335e-19	-4.76995e-18	3.91064e-18	0	0	0	0	0	
0	0	0	4.49496e-18	-3.96442e-18	8.78264e-20	0	0	0	0	
0	0	0	0	5.37873e-20	-8.19622e-19	4.21566e-19	0	0	0	
0	0	0	0	0	7.31795e-19	-5.21837e-19	3.40815e-20	0	0	
0	0	0	0	0	0	1.00271e-19	-6.95454e-20	1.87051e-19	0	
0	0	0	0	0	0	0	3.54639e-20	-3.54417e-19	6.2005e-20	
0	0	0	0	0	0	0	0	1.67367e-19	-6.2005e-20	
-2.35146e-20	6.47188e-21	0	0	0	0	0	0	0	0	
2.35146e-20	-4.23685e-19	9.24569e-19	0	0	0	0	0	0	0	
0	4.17213e-19	-1.08598e-18	1.30033e-19	0	0	0	0	0	0	
0	0	1.61412e-19	-2.37696e-18	1.82095e-18	0	0	0	0	0	
0	0	0	2.24693e-18	-1.84257e-18	4.57263e-20	0	0	0	0	
0	0	0	0	2.16215e-20	-4.21741e-19	1.61651e-19	0	0	0	
0	0	0	0	0	3.76014e-19	-2.13593e-19	9.69096e-21	0	0	
0	0	0	0	0	0	5.19415e-20	-1.67101e-20	9.59305e-20	0	
0	0	0	0	0	0	0	7.0191e-21	-1.80515e-19	1.80525e-20	
0	0	0	0	0	0	0	0	8.45846e-20	-1.80525e-20	
-1.69688e-20	1.26319e-21	0	0	0	0	0	0	0	0	
1.69688e-20	-1.18839e-19	5.85948e-19	0	0	0	0	0	0	0	
0	1.17575e-19	-6.70326e-19	5.47015e-20	0	0	0	0	0	0	
0	0	8.43788e-20	-1.22229e-18	7.6591e-19	0	0	0	0	0	
0	0	0	1.16759e-18	-7.72269e-19	2.87786e-20	0	0	0	0	
0	0	0	0	6.35842e-21	-2.7073e-19	4.40188e-20	0	0	0	
0	0	0	0	0	2.41952e-19	-8.266e-20	1.25155e-21	0	0	
0	0	0	0	0	0	3.86412e-20	-1.56461e-21	7.2134e-20	0	
0	0	0	0	0	0	0	3.13054e-22	-1.34459e-19	2.65324e-21	
0	0	0	0	0	0	0	0	6.23247e-20	-2.65324e-21	
-1.69688e-20	1.26319e-21	0	0	0	0	0	0	0	0	
1.69688e-20	-1.18839e-19	5.85948e-19	0	0	0	0	0	0	0	
0	1.17575e-19	-6.70326e-19	5.47015e-20	0	0	0	0	0	0	
0	0	8.43788e-20	-1.22229e-18	7.6591e-19	0	0	0	0	0	
0	0	0	1.16759e-18	-7.72269e-19	2.87786e-20	0	0	0	0	
0	0	0	0	6.35842e-21	-2.7073e-19	4.40188e-20	0	0	0	
0	0	0	0	0	2.41952e-19	-8.266e-20	1.25155e-21	0	0	
0	0	0	0	0	0	3.86412e-20	-1.56461e-21	7.2134e-20	0	
0	0	0	0	0	0	0	3.13054e-22	-1.34459e-19	2.65324e-21	
0	0	0	0	0	0	0	0	6.23247e-20	-2.65324e-21	
-45445.6	43635.9	0	0	0	0	0	0	0	0	
45445.6	-107583	63680	0	0	0	0	0	0	0	
0	63946.8	-103480	39088.2	0	0	0	0	0	0	
0	0	39799.7	-112661	76604.9	0	0	0	0	0	
0	0	0	73572.8	-129900	52610	0	0	0	0	
0	0	0	0	53294.7	-108547	55012.3	0	0	0	
0	0	0	0	0	55937.1	-90582.6	36525.2	0	0	
0	0	0	0	0	0	35570.3	-108796	73102.9	0	
0	0	0	0	0	0	0	72271.3	-117600	44272.4	
0	0	0	0	0	0	0	0	44496.9	-44272.4	
-41370.3	39703.7	0	0	0	0	0	0	0	0	
41370.3	-98313	58361.5	0	0	0	0	0	0	0	
0	58609.3	-94503.6	35483.2	0	0	0	0	0	0	
0	0	36142.1	-103104	70465.7	0	0	0	0	0	
0	0	0	67620.8	-119143	48038.2	0	0	0	0	
0	0	0	0	48677	-99172.2	50272.3	0	0	0	
0	0	0	0	0	51133.9	-82506.1	33115.3	0	0	
0	0	0	0	0	0	32233.8	-99513.8	67180.5	0	
0	0	0	0	0	0	0	66398.5	-107686	40301.7	
0	0	0	0	0	0	0	0	40505.1	-40301.7	
-37537.5	36007.3	0	0	0	0	0	0	0	0	
37537.5	-89562.3	53325.6	0	0	0	0	0	0	0	
0	53555	-86036.4	32102.5	0	0	0	0	0	0	
0	0	32710.8	-94071	64630.9	0	0	0	0	0	
0	0	0	61968.5	-108951	43725.3	0	0	0	0	
0	0	0	0	44319.6	-90323	45797.2	0	0	0	
0	0	0	0	0	46597.7	-74907.5	29921.5	0	0	
0	0	0	0	0	0	29110.2	-90745.2	61557.3	0	
0	0	0	0	0	0	0	60823.7	-98308.2	36567.4	
0	0	0	0	0	0	0	0	36750.9	-36567.4	
-33942.7	32542.2	0	0	0	0	0	0	0	0	
33942.7	-81323.1	48569.1	0	0	0	0	0	0	0	
0	48780.9	-78069.9	28940.9	0	0	0	0	0	0	
0	0	29500.8	-85554.7	59098.6	0	0	0	0	0	
0	0	0	56613.8	-99317.2	39667.3	0	0	0	0	
0	0	0	0	40218.6	-81991.9	41583.1	0	0	0	
0	0	0	0	0	42324.5	-67777.7	26938.6	0	0	
0	0	0	0	0	0	26194.5	-82483.3	56230.9	0	
0	0	0	0	0	0	0	55544.7	-89460.8	33065	
0	0	0	0	0	0	0	0	33230	-33065	
-30580.9	29303.3	0	0	0	0	0	0	0	0	
30580.9	-73586.5	44088.3	0	0	0	0	0	0	0	
0	44283.2	-70595.2	25993.3	0	0	0	0	0	0	
0	0	26506.8	-77547.1	53866	0	0	0	0	0	
0	0	0	51553.8	-90235.6	35859.9	0	0	0	0	
0	0	0	0	36369.6	-74170.1	37625.8	0	0	0	
0	0	0	0	0	38310.2	-61107	24161.3	0	0	
0	0	0	0	0	0	23481.2	-74719.7	51198.3	0	
0	0	0	0	0	0	0	50558.4	-81135.7	29789.7	
0	0	0	0	0	0	0	0	29937.3	-29789.7	
-27446.7	26285.2	0	0	0	0	0	0	0	0	
27446.7	-66343.1	39879.2	0	0	0	0	0	0	0	
0	40057.9	-63602.4	23253.9	0	0	0	0	0	0	
0	0	23723.2	-70039	48930.1	0	0	0	0	0	
0	0	0	46785	-81697.8	32298	0	0	0	0	
0	0	0	0	32767.7	-66848.1	33920.4	0	0	0	
0	0	0	0	0	34550.1	-54884.8	21583.8	0	0	
0	0	0	0	0	0	20964.5	-67445	46456.3	0	
0	0	0	0	0	0	0	45861.2	-73323.9	26736.1	
0	0	0	0	0	0	0	0	26867.6	-26736.1	
-24534.2	23482.2	0	0	0	0	0	0	0	0	
24534.2	-59582.3	35936.9	0	0	0	0	0	0	0	
0	36100.1	-57080.7	20716.6	0	0	0	0	0	0	
0	0	21143.9	-63020.2	44287.2	0	0	0	0	0	
0	0	0	42303.6	-73694.7	28976.2	0	0	0	0	
0	0	0	0	29407.5	-60015.1	30461.5	0	0	0	
0	0	0	0	0	31038.9	-49099.6	19199.9	0	0	
0	0	0	0	0	0	18638.1	-60649	42000.6	0	
0	0	0	0	0	0	0	41449.1	-66015.8	23898.6	
0	0	0	0	0	0	0	0	24015.1	-23898.6	
-21837	20887.9	0	0	0	0	0	0	0	0	
21837	-53292.6	32256.1	0	0	0	0	0	0	0	
0	32404.7	-51018.4	18374.9	0	0	0	0	0	0	
0	0	18762.4	-56479.8	39932.8	0	0	0	0	0	
0	0	0	38104.9	-66216	25888.6	0	0	0	0	
0	0	0	0	26283.2	-53659.4	27243.4	0	0	0	
0	0	0	0	0	27770.8	-43739	17003.1	0	0	
0	0	0	0	0	0	16495.6	-54320.4	37826.8	0	
0	0	0	0	0	0	0	37317.3	-59200.4	21270.9	
0	0	0	0	0	0	0	0	21373.6	-21270.9	
-19348.4	18495.7	0	0	0	0	0	0	0	0	
19348.4	-47461.4	28831	0	0	0	0	0	0	0	
0	28965.7	-45402.8	16221.9	0	0	0	0	0	0	
0	0	16571.8	-50405.7	35862	0	0	0	0	0	
0	0	0	34183.8	-59250.5	23028.9	0	0	0	0	
0	0	0	0	23388.4	-47768.5	24259.8	0	0	0	
0	0	0	0	0	24739.6	-38789.9	14986.5	0	0	
0	0	0	0	0	0	14530.2	-48447.1	33929.4	0	
0	0	0	0	0	0	0	33460.5	-52866	18846.4	
0	0	0	0	0	0	0	0	18936.6	-18846.4	
-17061.3	16298.6	0	0	0	0	0	0	0	0	
17061.3	-42075.3	25655.2	0	0	0	0	0	0	0	
0	25776.7	-40220.2	14250.5	0	0	0	0	0	0	
0	0	14565.1	-44784.8	32069.2	0	0	0	0	0	
0	0	0	30534.3	-52785.6	20390.2	0	0	0	0	
0	0	0	0	20716.4	-42328.5	21503.7	0	0	0	
0	0	0	0	0	21938.4	-34238.3	13143	0	0	
0	0	0	0	0	0	12734.5	-43015.9	30302.8	0	
0	0	0	0	0	0	0	29872.9	-46999.6	16618.3	
0	0	0	0	0	0	0	0	16696.9	-16618.3	
-14968	14289	0	0	0	0	0	0	0	0	
14968	-37119.9	22721.6	0	0	0	0	0	0	0	
0	22830.9	-35456.2	12453.1	0	0	0	0	0	0	
0	0	12734.5	-39603.2	28548.1	0	0	0	0	0	
0	0	0	27150.1	-46807.7	17965	0	0	0	0	
0	0	0	0	18259.6	-37325	18968	0	0	0	
0	0	0	0	0	19360	-30069.3	11465.1	0	0	
0	0	0	0	0	0	11101.3	-38012.9	26940.3	0	
0	0	0	0	0	0	0	26547.8	-41587.4	14579.1	
0	0	0	0	0	0	0	0	14647.2	-14579.1	
-13060.7	12459.2	0	0	0	0	0	0	0	0	
13060.7	-32579.7	20022.9	0	0	0	0	0	0	0	
0	20120.5	-31095.2	10821.9	0	0	0	0	0	0	
0	0	11072.4	-34846	25291.8	0	0	0	0	0	
0	0	0	24024.1	-41302.3	15745.7	0	0	0	0	
0	0	0	0	16010.5	-32742.2	16644.8	0	0	0	
0	0	0	0	0	16996.5	-26267.5	9945.06	0	0	
0	0	0	0	0	0	9622.71	-33423.1	23834.8	0	
0	0	0	0	0	0	0	23478.1	-36614.4	12721	
0	0	0	0	0	0	0	0	12779.6	-12721	
-11331	10801	0	0	0	0	0	0	0	0	
11331	-28438.6	17550.8	0	0	0	0	0	0	0	
0	17637.7	-27121.3	9348.73	0	0	0	0	0	0	
0	0	9570.49	-30497.2	22292.7	0	0	0	0	0	
0	0	0	21148.5	-36253.4	13723.9	0	0	0	0	
0	0	0	0	13960.7	-28563.8	14525.8	0	0	0	
0	0	0	0	0	14839.9	-22816.6	8574.83	0	0	
0	0	0	0	0	0	8290.83	-29230.7	20978.6	0	
0	0	0	0	0	0	0	20655.9	-32064.7	11036	
0	0	0	0	0	0	0	0	11086.1	-11036	
-9770.31	9305.91	0	0	0	0	0	0	0	0	
9770.31	-24679.6	15296.8	0	0	0	0	0	0	0	
0	15373.6	-23517.2	8025.27	0	0	0	0	0	0	
0	0	8220.45	-26540.3	19542.6	0	0	0	0	0	
0	0	0	18515	-31644.2	11891	0	0	0	0	
0	0	0	0	12101.6	-24772.3	12602.4	0	0	0	
0	0	0	0	0	12881.3	-19699.9	7346.23	0	0	
0	0	0	0	0	0	7097.52	-25419.1	18363.4	0	
0	0	0	0	0	0	0	18072.9	-27921.6	9515.69	
0	0	0	0	0	0	0	0	9558.18	-9515.69	
-8369.71	7965.26	0	0	0	0	0	0	0	0	
8369.71	-21284.6	13251.8	0	0	0	0	0	0	0	
0	13319.4	-20265.4	6842.94	0	0	0	0	0	0	
0	0	7013.67	-22957.7	17032.6	0	0	0	0	0	
0	0	0	16114.8	-27456.8	10238	0	0	0	0	
0	0	0	0	10424.2	-21349.7	10865.5	0	0	0	
0	0	0	0	0	11111.7	-16899.9	6250.87	0	0	
0	0	0	0	0	0	6034.45	-21970.9	15980.2	0	
0	0	0	0	0	0	0	15720.1	-24167.3	8151.35	
0	0	0	0	0	0	0	0	8187.09	-8151.35	
-7120.04	6770.09	0	0	0	0	0	0	0	0	
7120.04	-18235.3	11406.2	0	0	0	0	0	0	0	
0	11465.3	-17347.5	5793.01	0	0	0	0	0	0	
0	0	5941.36	-19731.1	14753.3	0	0	0	0	0	
0	0	0	13938.1	-23672.5	8755.57	0	0	0	0	
0	0	0	0	8919.16	-18277.2	9305.54	0	0	0	
0	0	0	0	0	9521.58	-14398.7	5280.23	0	0	
0	0	0	0	0	0	5093.2	-18868.1	13819.4	0	
0	0	0	0	0	0	0	13587.9	-20783.3	6934.07	
0	0	0	0	0	0	0	0	6963.88	-6934.07	
-6011.95	5711.24	0	0	0	0	0	0	0	0	
6011.95	-15512.5	9749.98	0	0	0	0	0	0	0	
0	9801.27	-14744.6	4866.64	0	0	0	0	0	0	
0	0	4994.62	-16841.7	12694.6	0	0	0	0	0	
0	0	0	11975.1	-20271.3	7433.94	0	0	0	0	
0	0	0	0	7576.72	-15535.1	7912.85	0	0	0	
0	0	0	0	0	8101.13	-12178.1	4425.71	0	0	
0	0	0	0	0	0	4265.26	-16091.9	11871.1	0	
0	0	0	0	0	0	0	11666.2	-17750.4	5854.73	
0	0	0	0	0	0	0	0	5879.35	-5854.73	
-5035.94	4779.46	0	0	0	0	0	0	0	0	
5035.94	-13096.5	8272.81	0	0	0	0	0	0	0	
0	8317.02	-12437.3	4054.91	0	0	0	0	0	0	
0	0	4164.49	-14269.9	10846	0	0	0	0	0	
0	0	0	10215	-17233	6263.26	0	0	0	0	
0	0	0	0	6386.98	-13103.5	6677.32	0	0	0	
0	0	0	0	0	6840.25	-10219.4	3678.69	0	0	
0	0	0	0	0	0	3542.11	-13623.1	10124.5	0	
0	0	0	0	0	0	0	9944.42	-15048.7	4904.06	
0	0	0	0	0	0	0	0	4924.2	-4904.06	
-4182.41	3965.4	0	0	0	0	0	0	0	0	
4182.41	-10967.2	6963.94	0	0	0	0	0	0	0	
0	7001.76	-10405.9	3348.9	0	0	0	0	0	0	
0	0	3441.95	-11995.8	9196.32	0	0	0	0	0	
0	0	0	8646.92	-14536.1	5233.4	0	0	0	0	
0	0	0	0	5339.78	-10962	5588.68	0	0	0	
0	0	0	0	0	5728.59	-8503.94	3030.54	0	0	
0	0	0	0	0	0	2915.26	-11442.1	8568.78	0	
0	0	0	0	0	0	0	8411.59	-12657.8	4072.73	
0	0	0	0	0	0	0	0	4089.01	-4072.73	
-3441.74	3259.69	0	0	0	0	0	0	0	0	
3441.74	-9104.15	5812.37	0	0	0	0	0	0	0	
0	5844.46	-8630.42	2739.72	0	0	0	0	0	0	
0	0	2818.05	-9999.08	7734.09	0	0	0	0	0	
0	0	0	7259.35	-12159	4334.16	0	0	0	0	
0	0	0	0	4424.87	-9089.81	4636.5	0	0	0	
0	0	0	0	0	4755.65	-7012.81	2472.73	0	0	
0	0	0	0	0	0	2376.31	-9529.01	7192.42	0	
0	0	0	0	0	0	0	7056.28	-10556.8	3351.34	
0	0	0	0	0	0	0	0	3364.35	-3351.34	
-2804.35	2653.04	0	0	0	0	0	0	0	0	
2804.35	-7486.95	4806.93	0	0	0	0	0	0	0	
0	4833.91	-7090.86	2218.63	0	0	0	0	0	0	
0	0	2283.93	-8259.17	6447.39	0	0	0	0	0	
0	0	0	6040.54	-10079.3	3555.24	0	0	0	0	
0	0	0	0	3631.9	-7466.07	3810.26	0	0	0	
0	0	0	0	0	3910.83	-5727.25	1996.85	0	0	
0	0	0	0	0	0	1916.99	-7863.6	5983.69	0	
0	0	0	0	0	0	0	5866.75	-8724.52	2730.57	
0	0	0	0	0	0	0	0	2740.83	-2730.57	
-2260.75	2136.25	0	0	0	0	0	0	0	0	
2260.75	-6095.01	3936.28	0	0	0	0	0	0	0	
0	3958.76	-5767.18	1777.01	0	0	0	0	0	0	
0	0	1830.9	-6755.45	5324.04	0	0	0	0	0	
0	0	0	4978.44	-8274.58	2886.37	0	0	0	0	
0	0	0	0	2950.54	-6069.88	3099.43	0	0	0	
0	0	0	0	0	3183.5	-4628.68	1594.7	0	0	
0	0	0	0	0	0	1529.25	-6425.76	4930.61	0	
0	0	0	0	0	0	0	4831.06	-7139.76	2201.17	
0	0	0	0	0	0	0	0	2209.15	-2201.17	
-1801.66	1700.31	0	0	0	0	0	0	0	0	
1801.66	-4907.93	3189.09	0	0	0	0	0	0	0	
0	3207.62	-4639.58	1406.51	0	0	0	0	0	0	
0	0	1450.49	-5467.37	4351.61	0	0	0	0	0	
0	0	0	4060.86	-6722.14	2317.38	0	0	0	0	
0	0	0	0	2370.53	-4880.48	2493.54	0	0	0	
0	0	0	0	0	2563.1	-3698.83	1258.32	0	0	
0	0	0	0	0	0	1205.28	-5195.4	4021.02	0	
0	0	0	0	0	0	0	3937.08	-5781.21	1754.08	
0	0	0	0	0	0	0	0	1760.19	-1754.08	
-1418.01	1336.48	0	0	0	0	0	0	0	0	
1418.01	-3905.62	2554.04	0	0	0	0	0	0	0	
0	2569.15	-3688.56	1099.06	0	0	0	0	0	0	
0	0	1134.51	-4374.58	3517.6	0	0	0	0	0	
0	0	0	3275.52	-5399.39	1838.26	0	0	0	0	
0	0	0	0	1881.78	-3877.46	1982.29	0	0	0	
0	0	0	0	0	2039.2	-2919.9	980.06	0	0	
0	0	0	0	0	0	937.614	-4152.73	3242.7	0	
0	0	0	0	0	0	0	3172.67	-4627.78	1380.49	
0	0	0	0	0	0	0	0	1385.08	-1380.49	
-1101.08	1036.32	0	0	0	0	0	0	0	0	
1101.08	-3068.46	2019.98	0	0	0	0	0	0	0	
0	2032.14	-2895.13	846.938	0	0	0	0	0	0	
0	0	875.156	-3457.12	2809.47	0	0	0	0	0	
0	0	0	2610.19	-4283.94	1439.27	0	0	0	0	
0	0	0	0	1474.47	-3040.84	1555.59	0	0	0	
0	0	0	0	0	1601.58	-2274.72	752.641	0	0	
0	0	0	0	0	0	719.122	-3278.33	2583.46	0	
0	0	0	0	0	0	0	2525.69	-3658.72	1071.87	
0	0	0	0	0	0	0	0	1075.26	-1071.87	
-842.519	791.788	0	0	0	0	0	0	0	0	
842.519	-2377.44	1575.98	0	0	0	0	0	0	0	
0	1585.65	-2240.97	642.857	0	0	0	0	0	0	
0	0	664.995	-2695.59	2214.77	0	0	0	0	0	
0	0	0	2052.73	-3353.85	1110.98	0	0	0	0	
0	0	0	0	1139.08	-2351.34	1203.69	0	0	0	
0	0	0	0	0	1240.36	-1746.81	569.202	0	0	
0	0	0	0	0	0	543.117	-2553.38	2031.25	0	
0	0	0	0	0	0	0	1984.18	-2853.81	820.117	
0	0	0	0	0	0	0	0	822.562	-820.117	
-634.447	595.305	0	0	0	0	0	0	0	0	
634.447	-1814.35	1211.47	0	0	0	0	0	0	0	
0	1219.04	-1708.55	479.98	0	0	0	0	0	0	
0	0	497.079	-2071.28	1721.29	0	0	0	0	0	
0	0	0	1591.3	-2587.8	844.41	0	0	0	0	
0	0	0	0	866.507	-1790.47	917.236	0	0	0	
0	0	0	0	0	946.057	-1320.6	423.345	0	0	
0	0	0	0	0	0	403.366	-1959.78	1574.27	0	
0	0	0	0	0	0	0	1536.43	-2193.52	617.534	
0	0	0	0	0	0	0	0	619.256	-617.534	
-469.492	439.789	0	0	0	0	0	0	0	0	
469.492	-1361.93	916.301	0	0	0	0	0	0	0	
0	922.146	-1281.27	351.982	0	0	0	0	0	0	
0	0	364.967	-1566.36	1317.14	0	0	0	0	0	
0	0	0	1214.38	-1965.29	631.051	0	0	0	0	
0	0	0	0	648.155	-1340.7	687.355	0	0	0	
0	0	0	0	0	709.65	-981.494	309.177	0	0	
0	0	0	0	0	0	294.139	-1480.3	1201.09	0	
0	0	0	0	0	0	0	1171.12	-1659.21	456.94	
0	0	0	0	0	0	0	0	458.121	-456.94	
-340.848	318.713	0	0	0	0	0	0	0	0	
340.848	-1004.01	680.869	0	0	0	0	0	0	0	
0	685.301	-943.632	253.085	0	0	0	0	0	0	
0	0	262.763	-1164.03	990.88	0	0	0	0	0	
0	0	0	910.95	-1466.85	462.963	0	0	0	0	
0	0	0	0	475.971	-985.653	505.741	0	0	0	
0	0	0	0	0	522.69	-715.973	221.337	0	0	
0	0	0	0	0	0	210.232	-1098.74	900.745	0	
0	0	0	0	0	0	0	877.399	-1233.23	331.706	
0	0	0	0	0	0	0	0	332.49	-331.706	
-242.315	226.147	0	0	0	0	0	0	0	0	
242.315	-725.618	496.174	0	0	0	0	0	0	0	
0	499.472	-681.326	178.085	0	0	0	0	0	0	
0	0	185.152	-848.652	731.645	0	0	0	0	0	
0	0	0	670.567	-1074.17	332.823	0	0	0	0	
0	0	0	0	342.526	-710.171	364.708	0	0	0	
0	0	0	0	0	377.348	-511.699	155.021	0	0	
0	0	0	0	0	0	146.99	-800.028	662.875	0	
0	0	0	0	0	0	0	645.007	-899.17	235.794	
0	0	0	0	0	0	0	0	236.295	-235.794	
-168.332	156.78	0	0	0	0	0	0	0	0	
168.332	-513.096	353.912	0	0	0	0	0	0	0	
0	356.316	-481.321	122.364	0	0	0	0	0	0	
0	0	127.409	-605.834	529.234	0	0	0	0	0	
0	0	0	483.469	-770.299	233.978	0	0	0	0	
0	0	0	0	241.064	-500.455	257.247	0	0	0	
0	0	0	0	0	266.477	-357.56	105.988	0	0	
0	0	0	0	0	0	100.313	-570.367	477.788	0	
0	0	0	0	0	0	0	464.379	-641.879	163.785	
0	0	0	0	0	0	0	0	164.092	-163.785	
-113.992	105.938	0	0	0	0	0	0	0	0	
113.992	-354.184	246.534	0	0	0	0	0	0	0	
0	248.246	-331.943	81.8977	0	0	0	0	0	0	
0	0	85.4096	-422.566	374.223	0	0	0	0	0	
0	0	0	340.668	-539.757	160.48	0	0	0	0	
0	0	0	0	165.534	-344.132	177.068	0	0	0	
0	0	0	0	0	183.652	-243.72	70.5597	0	0	
0	0	0	0	0	0	66.6514	-397.279	336.564	0	
0	0	0	0	0	0	0	326.72	-447.642	110.901	
0	0	0	0	0	0	0	0	111.078	-110.901	
-75.0426	69.5766	0	0	0	0	0	0	0	0	
75.0426	-238.053	167.287	0	0	0	0	0	0	0	
0	168.477	-222.906	53.2408	0	0	0	0	0	0	
0	0	55.6186	-287.26	258.036	0	0	0	0	0	
0	0	0	234.019	-368.648	107.1	0	0	0	0	
0	0	0	0	110.612	-230.299	118.623	0	0	0	
0	0	0	0	0	123.199	-161.614	45.6084	0	0	
0	0	0	0	0	0	42.9919	-269.681	231.127	0	
0	0	0	0	0	0	0	224.072	-304.221	72.9983	
0	0	0	0	0	0	0	0	73.0937	-72.9983	
-47.8726	44.2738	0	0	0	0	0	0	0	0	
47.8726	-155.327	110.25	0	0	0	0	0	0	0	
0	111.053	-145.32	33.5086	0	0	0	0	0	0	
0	0	35.0696	-189.783	173.01	0	0	0	0	0	
0	0	0	156.275	-244.715	69.3348	0	0	0	0	
0	0	0	0	71.7051	-149.536	77.1105	0	0	0	
0	0	0	0	0	80.2015	-103.942	28.5289	0	0	
0	0	0	0	0	0	26.8317	-177.901	154.292	0	
0	0	0	0	0	0	0	149.372	-200.9	46.5622	
0	0	0	0	0	0	0	0	46.6084	-46.5622	
-29.4867	27.196	0	0	0	0	0	0	0	0	
29.4867	-98.0526	70.3311	0	0	0	0	0	0	0	
0	70.8567	-91.662	20.3411	0	0	0	0	0	0	
0	0	21.3309	-121.455	112.43	0	0	0	0	0	
0	0	0	101.114	-157.367	43.3881	0	0	0	0	
0	0	0	0	44.9365	-93.8775	48.4681	0	0	0	
0	0	0	0	0	50.4894	-64.6091	17.2036	0	0	
0	0	0	0	0	0	16.1409	-113.67	99.7963	0	
0	0	0	0	0	0	0	96.4667	-128.49	28.6753	
0	0	0	0	0	0	0	0	28.6941	-28.6753	
-17.4615	16.0577	0	0	0	0	0	0	0	0	
17.4615	-59.6467	43.2571	0	0	0	0	0	0	0	
0	43.589	-55.7185	11.8576	0	0	0	0	0	0	
0	0	12.4613	-75.0061	70.5464	0	0	0	0	0	
0	0	0	63.1485	-97.6592	26.1375	0	0	0	0	
0	0	0	0	27.1127	-56.7502	29.3379	0	0	0	
0	0	0	0	0	30.6127	-38.6554	9.95698	0	0	
0	0	0	0	0	0	9.31745	-70.081	62.302	0	
0	0	0	0	0	0	0	60.1241	-79.2853	16.9782	
0	0	0	0	0	0	0	0	16.9833	-16.9782	
-9.89236	9.0682	0	0	0	0	0	0	0	0	
9.89236	-34.8031	25.5335	0	0	0	0	0	0	0	
0	25.7349	-32.49	6.60411	0	0	0	0	0	0	
0	0	6.95652	-44.5007	42.5524	0	0	0	0	0	
0	0	0	37.8965	-58.227	15.0851	0	0	0	0	
0	0	0	0	15.6746	-32.8774	17.0204	0	0	0	
0	0	0	0	0	17.7923	-22.1549	5.50252	0	0	
0	0	0	0	0	0	5.13449	-41.5051	37.3736	0	
0	0	0	0	0	0	0	36.0026	-46.9897	9.61679	
0	0	0	0	0	0	0	0	9.61602	-9.61679	
-5.33034	4.86941	0	0	0	0	0	0	0	0	
5.33034	-19.3727	14.3865	0	0	0	0	0	0	0	
0	14.5033	-18.0754	3.49318	0	0	0	0	0	0	
0	0	3.68894	-25.2324	24.5457	0	0	0	0	0	
0	0	0	21.7392	-33.18	8.29432	0	0	0	0	
0	0	0	0	8.63433	-18.152	9.41149	0	0	0	
0	0	0	0	0	9.85767	-12.0961	2.88594	0	0	
0	0	0	0	0	0	2.68461	-23.4896	21.4301	0	
0	0	0	0	0	0	0	20.6037	-26.6084	5.1808	
0	0	0	0	0	0	0	0	5.17829	-5.1808	
-2.71304	2.46913	0	0	0	0	0	0	0	0	
2.71304	-10.2216	7.68805	0	0	0	0	0	0	0	
0	7.75243	-9.53318	1.74238	0	0	0	0	0	0	
0	0	1.84513	-13.5892	13.4574	0	0	0	0	0	
0	0	0	11.8469	-17.9593	4.31588	0	0	0	0	
0	0	0	0	4.50184	-9.48809	4.92751	0	0	0	
0	0	0	0	0	5.1722	-6.24977	1.42622	0	0	
0	0	0	0	0	0	1.32226	-12.6252	11.6731	0	
0	0	0	0	0	0	0	11.199	-14.307	2.63633	
0	0	0	0	0	0	0	0	2.63393	-2.63633	
-1.29373	1.1726	0	0	0	0	0	0	0	0	
1.29373	-5.07315	3.8671	0	0	0	0	0	0	0	
0	3.90055	-4.73032	0.812672	0	0	0	0	0	0	
0	0	0.86322	-6.90055	6.96152	0	0	0	0	0	
0	0	0	6.08788	-9.16569	2.10849	0	0	0	0	
0	0	0	0	2.20417	-4.65845	2.42363	0	0	0	
0	0	0	0	0	2.54997	-3.03186	0.658488	0	0	
0	0	0	0	0	0	0.608238	-6.39714	5.99561	0	
0	0	0	0	0	0	0	5.73865	-7.25074	1.25683	
0	0	0	0	0	0	0	0	1.25512	-1.25683	
-0.572323	0.516409	0	0	0	0	0	0	0	0	
0.572323	-2.34687	1.81422	0	0	0	0	0	0	0	
0	1.83046	-2.18816	0.350865	0	0	0	0	0	0	
0	0	0.373942	-3.27487	3.36811	0	0	0	0	0	
0	0	0	2.92401	-4.37197	0.957965	0	0	0	0	
0	0	0	0	1.00386	-2.12818	1.10937	0	0	0	
0	0	0	0	0	1.17022	-1.368	0.281134	0	0	
0	0	0	0	0	0	0.258627	-3.02884	2.87816	0	
0	0	0	0	0	0	0	2.7477	-3.43298	0.555844	
0	0	0	0	0	0	0	0	0.554827	-0.555844	
-0.232097	0.20839	0	0	0	0	0	0	0	0	
0.232097	-1.00077	0.785086	0	0	0	0	0	0	0	
0	0.792378	-0.933258	0.138513	0	0	0	0	0	0	
0	0	0.148172	-1.4371	1.50794	0	0	0	0	0	
0	0	0	1.29859	-1.92836	0.400127	0	0	0	0	
0	0	0	0	0.420417	-0.894354	0.467195	0	0	0	
0	0	0	0	0	0.494227	-0.567585	0.109618	0	0	
0	0	0	0	0	0	0.10039	-1.32572	1.27749	0	
0	0	0	0	0	0	0	1.2161	-1.50231	0.225343	
0	0	0	0	0	0	0	0	0.224821	-0.225343	
-0.0850347	0.0759336	0	0	0	0	0	0	0	0	
0.0850347	-0.388079	0.309159	0	0	0	0	0	0	0	
0	0.312146	-0.362067	0.0492551	0	0	0	0	0	0	
0	0	0.0529084	-0.575558	0.61666	0	0	0	0	0	
0	0	0	0.526303	-0.776306	0.151492	0	0	0	0	
0	0	0	0	0.159646	-0.340929	0.178509	0	0	0	
0	0	0	0	0	0.189437	-0.213544	0.0384466	0	0	
0	0	0	0	0	0	0.0350345	-0.529439	0.517421	0	
0	0	0	0	0	0	0	0.490992	-0.599719	0.0825304	
0	0	0	0	0	0	0	0	0.0822985	-0.0825304	
-0.0276433	0.024536	0	0	0	0	0	0	0	0	
0.0276433	-0.134579	0.108945	0	0	0	0	0	0	0	
0	0.110043	-0.125658	0.0154872	0	0	0	0	0	0	
0	0	0.0167131	-0.207005	0.226662	0	0	0	0	0	
0	0	0	0.191518	-0.280683	0.0510925	0	0	0	0	
0	0	0	0	0.0540208	-0.115867	0.0608223	0	0	0	
0	0	0	0	0	0.0647745	-0.071609	0.0119036	0	0	
0	0	0	0	0	0	0.0107867	-0.189812	0.188155	0	
0	0	0	0	0	0	0	0.177909	-0.214884	0.0268182	
0	0	0	0	0	0	0	0	0.0267296	-0.0268182	
-0.00779575	0.0068731	0	0	0	0	0	0	0	0	
0.00779575	-0.040871	0.033643	0	0	0	0	0	0	0	
0	0.0339979	-0.0382069	0.00420711	0	0	0	0	0	0	
0	0	0.0045639	-0.0655219	0.0733906	0	0	0	0	0	
0	0	0	0.0613148	-0.089329	0.0150186	0	0	0	0	
0	0	0	0	0.0159384	-0.0343557	0.0180851	0	0	0	
0	0	0	0	0	0.0193371	-0.0209468	0.0031779	0	0	
0	0	0	0	0	0	0.00286167	-0.0598633	0.0601913	0	
0	0	0	0	0	0	0	0.0566854	-0.0677223	0.00755956	
0	0	0	0	0	0	0	0	0.00753097	-0.00755956	
-0.00185348	0.00162187	0	0	0	0	0	0	0	0	
0.00185348	-0.0105857	0.00886561	0	0	0	0	0	0	0	
0	0.00896386	-0.0099119	0.000958799	0	0	0	0	0	0	
0	0	0.0010463	-0.0177898	0.0204056	0	0	0	0	0	
0	0	0	0.016831	-0.0243944	0.00374289	0	0	0	0	
0	0	0	0	0.00398886	-0.00864717	0.00456607	0	0	0	
0	0	0	0	0	0.00490428	-0.00520096	0.000710095	0	0	
0	0	0	0	0	0	0.00063489	-0.0161861	0.0165083	0	
0	0	0	0	0	0	0	0.015476	-0.0182971	0.00179637	
0	0	0	0	0	0	0	0	0.00178878	-0.00179637	
-0.000358107	0.000310715	0	0	0	0	0	0	0	0	
0.000358107	-0.00225992	0.00192667	0	0	0	0	0	0	0	
0	0.00194921	-0.00212061	0.000176518	0	0	0	0	0	0	
0	0	0.000193938	-0.00400865	0.0047146	0	0	0	0	0	
0	0	0	0.00383213	-0.00553189	0.000763222	0	0	0	0	
0	0	0	0	0.00081729	-0.00178346	0.00094499	0	0	0	
0	0	0	0	0	0.00102024	-0.00105834	0.000127813	0	0	
0	0	0	0	0	0	0.000113348	-0.00362966	0.00375501	0	
0	0	0	0	0	0	0	0.00350185	-0.00410028	0.000346857	
0	0	0	0	0	0	0	0	0.000345263	-0.000346857	
-5.35841e-05	4.60485e-05	0	0	0	0	0	0	0	0	
5.35841e-05	-0.000380343	0.000330198	0	0	0	0	0	0	0	
0	0.000334295	-0.000357866	2.4986e-05	0	0	0	0	0	0	
0	0	2.76679e-05	-0.000717961	0.000867105	0	0	0	0	0	
0	0	0	0.000692975	-0.000997989	0.000121551	0	0	0	0	
0	0	0	0	0.000130884	-0.000287824	0.000153092	0	0	0	
0	0	0	0	0	0.000166273	-0.000168577	1.7626e-05	0	0	
0	0	0	0	0	0	1.54848e-05	-0.000646364	0.000678278	0	
0	0	0	0	0	0	0	0.000628738	-0.00072989	5.18635e-05	
0	0	0	0	0	0	0	0	5.16114e-05	-5.18635e-05	
-5.82347e-06	4.94986e-06	0	0	0	0	0	0	0	0	
5.82347e-06	-4.755e-05	4.20433e-05	0	0	0	0	0	0	0	
0	4.26002e-05	-4.48882e-05	2.54568e-06	0	0	0	0	0	0	
0	0	2.84487e-06	-9.64749e-05	0.000119877	0	0	0	0	0	
0	0	0	9.39292e-05	-0.000135277	1.42096e-05	0	0	0	0	
0	0	0	0	1.53995e-05	-3.41764e-05	1.82561e-05	0	0	0	
0	0	0	0	0	1.99668e-05	-1.97697e-05	1.74192e-06	0	0	
0	0	0	0	0	0	1.51359e-06	-8.62566e-05	9.182e-05	0	
0	0	0	0	0	0	0	8.45147e-05	-9.74238e-05	5.6317e-06	
0	0	0	0	0	0	0	0	5.60382e-06	-5.6317e-06	
-4.21128e-07	3.5344e-07	0	0	0	0	0	0	0	0	
4.21128e-07	-4.07192e-06	3.66627e-06	0	0	0	0	0	0	0	
0	3.71848e-06	-3.85902e-06	1.7062e-07	0	0	0	0	0	0	
0	0	1.92751e-07	-8.98898e-06	1.15206e-05	0	0	0	0	0	
0	0	0	8.81836e-06	-1.2744e-05	1.12032e-06	0	0	0	0	
0	0	0	0	1.22342e-06	-2.74526e-06	1.47348e-06	0	0	0	
0	0	0	0	0	1.62494e-06	-1.57007e-06	1.12617e-07	0	0	
0	0	0	0	0	0	9.65923e-08	-7.96934e-06	8.60751e-06	0	
0	0	0	0	0	0	0	7.85672e-06	-9.01242e-06	4.06851e-07	
0	0	0	0	0	0	0	0	4.04906e-07	-4.06851e-07	
-1.79248e-08	1.48219e-08	0	0	0	0	0	0	0	0	
1.79248e-08	-2.13198e-07	1.95358e-07	0	0	0	0	0	0	0	
0	1.98376e-07	-2.02949e-07	6.63191e-09	0	0	0	0	0	0	
0	0	7.59032e-09	-5.19999e-07	6.89777e-07	0	0	0	0	0	
0	0	0	5.13367e-07	-7.48086e-07	5.29087e-08	0	0	0	0	
0	0	0	0	5.83083e-08	-1.32621e-07	7.15652e-08	0	0	0	
0	0	0	0	0	7.97118e-08	-7.51051e-08	4.19193e-09	0	0	
0	0	0	0	0	0	3.53982e-09	-4.56203e-07	5.00208e-07	0	
0	0	0	0	0	0	0	4.52011e-07	-5.17431e-07	1.72962e-08	
0	0	0	0	0	0	0	0	1.7223e-08	-1.72962e-08	
-3.76103e-10	3.05546e-10	0	0	0	0	0	0	0	0	
3.76103e-10	-5.79133e-09	5.39447e-09	0	0	0	0	0	0	0	
0	5.48579e-09	-5.53936e-09	1.24602e-10	0	0	0	0	0	0	
0	0	1.44897e-10	-1.59181e-08	2.19621e-08	0	0	0	0	0	
0	0	0	1.57935e-08	-2.33674e-08	1.26092e-09	0	0	0	0	
0	0	0	0	1.40522e-09	-3.25077e-09	1.76478e-09	0	0	0	
0	0	0	0	0	1.98985e-09	-1.82667e-09	7.46987e-11	0	0	
0	0	0	0	0	0	6.18876e-11	-1.37811e-08	1.53557e-08	0	
0	0	0	0	0	0	0	1.37064e-08	-1.5717e-08	3.62375e-10	
0	0	0	0	0	0	0	0	3.61245e-10	-3.62375e-10	
-2.98143e-12	2.37053e-12	0	0	0	0	0	0	0	0	
2.98143e-12	-6.37843e-11	6.02807e-11	0	0	0	0	0	0	0	
0	6.14138e-11	-6.1302e-11	8.60965e-13	0	0	0	0	0	0	
0	0	1.02132e-12	-2.02847e-10	2.9321e-10	0	0	0	0	0	
0	0	0	2.01986e-10	-3.0646e-10	1.17245e-11	0	0	0	0	
0	0	0	0	1.32501e-11	-3.13292e-11	1.71224e-11	0	0	0	
0	0	0	0	0	1.96047e-11	-1.75132e-11	4.83095e-13	0	0	
0	0	0	0	0	0	3.90819e-13	-1.7264e-10	1.95865e-10	0	
0	0	0	0	0	0	0	1.72157e-10	-1.98729e-10	2.86729e-12	
0	0	0	0	0	0	0	0	2.86386e-12	-2.86729e-12	
-5.87833e-15	4.54949e-15	0	0	0	0	0	0	0	0	
5.87833e-15	-1.93596e-13	1.8512e-13	0	0	0	0	0	0	0	
0	1.89047e-13	-1.86853e-13	1.42438e-15	0	0	0	0	0	0	
0	0	1.73343e-15	-7.37859e-13	1.12981e-12	0	0	0	0	0	
0	0	0	7.36435e-13	-1.16248e-12	2.83923e-14	0	0	0	0	
0	0	0	0	3.26693e-14	-7.95291e-14	4.3785e-14	0	0	0	
0	0	0	0	0	5.11367e-14	-4.4361e-14	7.34207e-16	0	0	
0	0	0	0	0	0	5.76051e-16	-6.14036e-13	7.11735e-13	0	
0	0	0	0	0	0	0	6.13301e-13	-7.17388e-13	5.64182e-15	
0	0	0	0	0	0	0	0	5.65263e-15	-5.64182e-15	
-1.96144e-18	1.4794e-18	0	0	0	0	0	0	0	0	
1.96144e-18	-1.48894e-16	1.4407e-16	0	0	0	0	0	0	0	
0	1.47415e-16	-1.44771e-16	5.5549e-19	0	0	0	0	0	0	
0	0	7.00811e-19	-4.16549e-16	6.86986e-16	0	0	0	0	0	
0	0	0	4.15994e-16	-7.00635e-16	1.1583e-17	0	0	0	0	
0	0	0	0	1.36493e-17	-3.32271e-17	1.80473e-17	0	0	0	
0	0	0	0	0	2.16441e-17	-1.82937e-17	3.2455e-19	0	0	
0	0	0	0	0	0	2.4647e-19	-3.45231e-16	4.11092e-16	0	
0	0	0	0	0	0	0	3.44906e-16	-4.14306e-16	3.195e-18	
0	0	0	0	0	0	0	0	3.21428e-18	-3.195e-18	
-2.69266e-19	1.99053e-19	0	0	0	0	0	0	0	0	
2.69266e-19	-2.47059e-17	2.38833e-17	0	0	0	0	0	0	0	
0	2.45068e-17	-2.40518e-17	1.27334e-19	0	0	0	0	0	0	
0	0	1.68538e-19	-2.99632e-18	5.13192e-18	0	0	0	0	0	
0	0	0	2.86898e-18	-6.41701e-18	1.05649e-18	0	0	0	0	
0	0	0	0	1.28508e-18	-2.59329e-18	1.23652e-18	0	0	0	
0	0	0	0	0	1.5368e-18	-1.3043e-18	9.3648e-20	0	0	
0	0	0	0	0	0	6.77828e-20	-6.19456e-18	7.56693e-18	0	
0	0	0	0	0	0	0	6.10092e-18	-8.67834e-18	1.09519e-18	
0	0	0	0	0	0	0	0	1.11141e-18	-1.09519e-18	
-1.41083e-19	9.72425e-20	0	0	0	0	0	0	0	0	
1.41083e-19	-1.12635e-17	1.08104e-17	0	0	0	0	0	0	0	
0	1.11662e-17	-1.08927e-17	5.78816e-20	0	0	0	0	0	0	
0	0	8.22273e-20	-1.19101e-18	2.34223e-18	0	0	0	0	0	
0	0	0	1.13313e-18	-2.94714e-18	4.73183e-19	0	0	0	0	
0	0	0	0	6.04916e-19	-1.19406e-18	5.48869e-19	0	0	0	
0	0	0	0	0	7.20877e-19	-5.79245e-19	4.55587e-20	0	0	
0	0	0	0	0	0	3.03757e-20	-2.70403e-18	3.4814e-18	0	
0	0	0	0	0	0	0	2.65847e-18	-4.12927e-18	6.29651e-19	
0	0	0	0	0	0	0	0	6.47864e-19	-6.29651e-19	
-7.39352e-20	4.51525e-20	0	0	0	0	0	0	0	0	
7.39352e-20	-5.23506e-18	4.96945e-18	0	0	0	0	0	0	0	
0	5.18991e-18	-5.00938e-18	2.48946e-20	0	0	0	0	0	0	
0	0	3.99264e-20	-4.32746e-19	1.08749e-18	0	0	0	0	0	
0	0	0	4.07851e-19	-1.37387e-18	2.05835e-19	0	0	0	0	
0	0	0	0	2.8637e-19	-5.46482e-19	2.36071e-19	0	0	0	
0	0	0	0	0	3.40647e-19	-2.48845e-19	2.20652e-20	0	0	
0	0	0	0	0	0	1.27737e-20	-1.15414e-18	1.62651e-18	0	
0	0	0	0	0	0	0	1.13207e-18	-1.98785e-18	3.43633e-19	
0	0	0	0	0	0	0	0	3.61347e-19	-3.43633e-19	
-4.15766e-20	1.97705e-20	0	0	0	0	0	0	0	0	
4.15766e-20	-2.58664e-18	2.40425e-18	0	0	0	0	0	0	0	
0	2.56687e-18	-2.42515e-18	1.01654e-20	0	0	0	0	0	0	
0	0	2.09053e-20	-1.31384e-19	5.54834e-19	0	0	0	0	0	
0	0	0	1.21219e-19	-7.0083e-19	8.8353e-20	0	0	0	0	
0	0	0	0	1.45995e-19	-2.6234e-19	9.95368e-20	0	0	0	
0	0	0	0	0	1.73987e-19	-1.04549e-19	1.15757e-20	0	0	
0	0	0	0	0	0	5.01197e-21	-4.85916e-19	8.23357e-19	0	
0	0	0	0	0	0	0	4.74341e-19	-1.02632e-18	1.85493e-19	
0	0	0	0	0	0	0	0	2.02964e-19	-1.85493e-19	
-2.65142e-20	6.0498e-21	0	0	0	0	0	0	0	0	
2.65142e-20	-1.25935e-18	1.09904e-18	0	0	0	0	0	0	0	
0	1.2533e-18	-1.11212e-18	3.05873e-21	0	0	0	0	0	0	
0	0	1.30739e-20	-2.12408e-20	4.03988e-19	0	0	0	0	0	
0	0	0	1.81821e-20	-4.88824e-19	3.08706e-20	0	0	0	0	
0	0	0	0	8.48367e-20	-1.33939e-19	3.34697e-20	0	0	0	
0	0	0	0	0	1.03069e-19	-3.485e-20	7.47968e-21	0	0	
0	0	0	0	0	0	1.38028e-21	-1.6742e-19	4.85398e-19	0	
0	0	0	0	0	0	0	1.5994e-19	-5.8922e-19	8.47238e-20	
0	0	0	0	0	0	0	0	1.03823e-19	-8.47238e-20	
-2.65142e-20	6.0498e-21	0	0	0	0	0	0	0	0	
2.65142e-20	-1.25935e-18	1.09904e-18	0	0	0	0	0	0	0	
0	1.2533e-18	-1.11212e-18	3.05873e-21	0	0	0	0	0	0	
0	0	1.30739e-20	-2.12408e-20	4.03988e-19	0	0	0	0	0	
0	0	0	1.81821e-20	-4.88824e-19	3.08706e-20	0	0	0	0	
0	0	0	0	8.48367e-20	-1.33939e-19	3.34697e-20	0	0	0	
0	0	0	0	0	1.03069e-19	-3.485e-20	7.47968e-21	0	0	
0	0	0	0	0	0	1.38028e-21	-1.6742e-19	4.85398e-19	0	
0	0	0	0	0	0	0	1.5994e-19	-5.8922e-19	8.47238e-20	
0	0	0	0	0	0	0	0	1.03823e-19	-8.47238e-20	
